
strategic_region={
	id=10
	name="STRATEGICREGION_10"
	provinces={
		86 88 158 200 219 313 357 360 422 449 475 506 536 740 1022 1032 1166 1185 1245 1255 1340 1400 1467 1528 1533 1684 1738 1787 1867 1918 2003 2040 2051 2057 2176 2384 2393 2422 2438 2462 2534 2543 2549 2577 2595 2610 2782 2844 2868 2932 2942 2956 2967 3041 3160 3316 3377 3405 3414 3477 3657 3689 3972 4008 4009 4076 4210 4225 4227 4231 4492 4577 4644 4691 4763 4822 4854 5032 5098 5112 5215 5315 5402 5508 5571 5608 5635 5653 5669 5885 6093 6098 6165 6246 6341 6361 6450 6578 6638 6639 6641 6691 6703 6744 6767 6908 6944 6979 7000 7004 7136 7156 7177 7331 7358 7511 7585 7619 7640 7769 7781 7860 7911 7929 7995 8030 8034 8200 8208 8231 8248 8267 8569 8668 8797 8802 8803 8875 8887 9256 9338 9481 9612 9615 9690 9737 9822 9824 9836 9841 9855 9879 9893 10083 10126 10150 10291 10378 10385 10521 10743 10874 10940 11037 16067 16103 16117 16132 16139 16245 16291 16309 16338 16372 16385 16404 16445 16455 16505 16530 16555 16577 16585 16636 16640 16661 16676 16684 16716 16726 16732 16736 16760 16761 16767 16770 16771 16773 16781 16784 16795 16796 16803 16809 16812 16843 16852 16873 16897 16900 16903 16904 16917 16918 16943 16949 16961 16995 17000 17019 17023 17029 17041 17051 17072 17073 17100 17137 17157 17167 17168 17178 17184 17185 17241 17247 17248 17266 17267 17280 17283 17288 
	}
	weather={
	}
}
