
strategic_region={
	id=104
	name="STRATEGICREGION_104"
	provinces={
		24 122 243 291 400 560 569 644 894 1067 1142 1329 1391 1609 1628 2681 2713 2805 2838 2988 3023 3158 3201 3556 3650 3687 3911 3935 3980 4135 4196 4363 4404 4515 4528 4604 4628 4837 5130 5185 5406 5407 5545 5595 5641 5656 5798 5804 5971 6043 6082 6240 6260 6304 6357 6586 6699 6873 6963 7263 7433 7799 7852 7866 7948 8078 8228 8359 8360 8366 8395 8443 8650 8662 8870 8878 8974 8978 9066 9092 9352 9372 9613 9631 9772 9885 9970 10009 10089 10228 10264 10298 10423 10491 10502 10508 10602 10664 10708 10905 10912 10973 11096 11097 14352 14398 14453 14459 14460 14478 14510 14568 14575 14600 14786 14876 14896 14901 14922 14928 14945 14977 14983 14995 15036 15057 15065 15092 15109 15116 15242 15258 15373 15404 15436 15437 15459 15464 15486 15508 15509 15521 15544 15561 15588 15592 15600 15624 15643 15684 15700 15701 15708 15747 15769 15775 15803 15883 15884 15885 15887 15918 15929 15942 15959 15967 15999 16013 16027 16028 16070 16075 16078 16136 16145 16172 16202 16210 16215 16216 16221 16251 16253 16257 16263 16271 16283 16306 16307 16358 16364 16370 16410 16471 17787 18035 18505 18673 18703 18886 
	}
	weather={
	}
}
