
strategic_region={
	id=106
	name="STRATEGICREGION_106"
	provinces={
		65 384 1440 1448 1869 2013 2630 2666 2992 3421 3722 4421 5400 5819 6162 6553 6723 7008 7198 7452 7460 7595 7617 7915 8006 8057 8339 8489 8748 9503 10051 10061 10453 10480 10509 10634 10921 11036 15507 15515 15623 15680 15694 15707 15917 15952 15972 15984 16010 16020 16041 16053 16113 16176 16183 16229 16230 16275 16280 16315 16322 16342 16349 16353 16369 16413 16420 17741 17749 17867 17885 18138 18357 18403 18544 18563 18577 18651 18694 18711 18714 18729 18792 18883 
	}
	weather={
	}
}
