
strategic_region={
	id=11
	name="STRATEGICREGION_11"
	provinces={
		25 115 127 174 231 246 278 316 339 425 440 503 517 683 754 771 839 849 877 992 994 1016 1051 1063 1086 1092 1103 1199 1207 1211 1258 1322 1365 1386 1401 1404 1506 1510 1556 1574 1592 1602 1603 1734 1766 1792 1892 1950 1963 1991 2027 2089 2090 2165 2174 2180 2229 2261 2392 2500 2539 2548 2617 2668 2674 2739 2749 2810 2831 2909 2924 2963 3004 3034 3091 3150 3152 3156 3171 3309 3330 3335 3368 3411 3541 3563 3571 3634 3744 3760 3761 3932 3937 3948 4002 4012 4024 4104 4389 4435 4444 4521 4572 4643 4659 4686 4731 4742 4764 4794 4808 4830 4930 4973 5071 5171 5175 5182 5186 5225 5311 5347 5350 5383 5396 5452 5457 5561 5582 5583 5585 5604 5620 5674 5707 5713 5724 5754 5762 5787 5810 5821 5832 5908 5920 5931 6079 6167 6282 6298 6325 6326 6377 6419 6556 6566 6596 6617 6696 6777 6779 6785 6787 6811 6826 6932 6945 6951 6958 7014 7036 7114 7158 7181 7182 7189 7230 7242 7257 7262 7275 7298 7309 7343 7479 7538 7541 7553 7554 7574 7604 7650 7670 7677 7687 7696 7756 7776 7885 7954 8118 8122 8227 8272 8430 8445 8469 8606 8647 8665 8670 8707 8781 8806 8871 8873 8914 8980 9043 9072 9128 9143 9164 9213 9268 9275 9296 9440 9537 9552 9832 9962 9978 10022 10030 10138 10188 10236 10282 10332 10381 10430 10438 10581 10588 10712 10714 10748 10779 10866 10909 10922 10945 10951 10983 10990 10994 11007 11079 11086 11093 11127 15285 15298 15302 15346 15383 15384 15390 15394 15418 15446 15452 15454 15487 15490 15517 15540 15553 15554 15583 15586 15587 15609 15615 15620 15628 15648 15649 15653 15675 15676 15682 15695 15703 15713 15736 15741 15770 15771 15784 15792 15804 15808 15813 15816 15818 15840 15864 15865 15893 15906 15932 15948 16034 16045 16048 16054 16055 16076 16092 16096 16115 16130 16147 16154 16166 16177 16184 16187 16209 16212 16214 16217 16233 16238 16243 16258 16259 16264 16281 16285 16290 16308 16311 16320 16323 16331 16334 16343 16359 16365 16378 16384 16395 16403 16411 16416 16421 16424 16442 16443 16448 16454 16460 16463 16467 16482 16483 16484 16492 16497 16508 16522 16526 16527 16529 16542 16543 16563 16569 16572 16576 16582 16593 16594 16599 16609 16616 16617 16623 16626 16643 16652 16660 16664 16668 16689 16699 16703 16730 16731 16735 16738 16741 16742 16745 16772 16776 16794 16818 16822 16854 
	}
	weather={
	}
}
