
strategic_region={
	id=113
	name="STRATEGICREGION_113"
	provinces={
		60 224 237 960 1460 1560 1562 1686 1697 1799 1899 2129 2219 2252 2478 2611 2625 2662 2931 3277 3288 3435 3452 3467 3976 4229 4272 4290 4324 4579 4680 4815 4858 5001 5219 5437 5469 5581 5727 5799 6013 6087 6118 6121 6133 6134 6592 6689 6835 7337 7439 7563 7634 7872 7910 7996 8682 8712 9111 9127 9199 9331 9359 9410 9428 9476 9695 9734 9773 9902 10024 10221 10421 10514 10547 10633 10656 10706 10836 10870 11024 11421 11431 11432 11446 11465 11471 11476 11477 11483 11489 11490 11495 11497 11501 11502 11520 11533 11535 11555 11567 11571 11594 11597 11603 11611 11622 11642 11655 11665 11673 11684 11685 11692 11703 11719 11720 11722 11727 11739 11746 11749 11765 11784 18924 
	}
	weather={
	}
}
