
strategic_region={
	id=12
	name="STRATEGICREGION_12"
	provinces={
		3 7 133 221 234 319 354 377 421 435 494 496 550 587 609 675 677 735 812 830 887 952 959 1017 1036 1065 1115 1137 1169 1183 1188 1318 1377 1431 1466 1518 1564 1627 1634 1646 1670 1729 1768 1874 1882 1886 1915 1933 1989 2045 2141 2220 2238 2389 2414 2525 2563 2637 2848 2913 2926 2940 2972 3021 3046 3137 3157 3210 3278 3601 3614 3756 3763 3781 3785 3865 3906 3960 3963 3975 4004 4010 4011 4079 4129 4144 4157 4192 4374 4415 4424 4433 4442 4456 4473 4498 4504 4546 4647 4648 4733 4912 4958 4962 5003 5147 5191 5259 5392 5427 5435 5438 5442 5443 5456 5562 5586 5601 5631 5712 5763 5831 5856 5898 5917 5963 5966 5999 6143 6151 6163 6210 6316 6378 6381 6410 6427 6429 6459 6498 6503 6597 6618 6664 6756 6762 6865 6916 6940 6997 7005 7031 7048 7053 7090 7169 7324 7339 7383 7414 7425 7484 7528 7555 7635 7671 7731 7800 7812 7818 8022 8049 8075 8088 8095 8138 8139 8146 8182 8183 8245 8317 8342 8423 8428 8485 8488 8514 8552 8558 8597 8627 8771 8805 8904 8919 8965 8970 8995 9091 9121 9159 9263 9302 9385 9395 9480 9618 9629 9707 9776 9825 9887 9894 9939 9999 10163 10225 10233 10241 10243 10281 10386 10403 10486 10493 10495 10571 10600 10608 10612 10651 10684 10697 10709 10737 10775 10789 10825 10872 10875 10882 10890 10910 10914 10919 10954 11000 11009 11029 11070 16807 16817 16862 16895 16899 16902 16913 16940 16945 16947 16948 16968 16974 16983 16988 16992 17033 17037 17048 17067 17077 17078 17088 17099 17105 17106 17114 17123 17142 17143 17151 17166 17171 17183 17205 17206 17215 17216 17223 17227 17228 17233 17237 17242 17243 17273 17276 17277 17285 17292 17293 17308 17314 17315 17319 17331 17332 17341 17342 17354 17369 17373 17376 17384 17386 17397 17402 17404 17409 17410 17425 17432 17433 17437 17441 17444 17448 17454 17455 17464 17465 17471 17473 17481 17487 17491 17494 17495 17499 17509 17515 17517 17525 17530 17536 17542 17556 17561 17578 17581 17582 17584 17596 17605 17609 17613 17614 17618 17635 17636 17650 17658 17661 17662 17663 17665 17669 17672 17673 17676 17679 17686 17687 17691 17694 17699 17701 17702 17705 17706 18913 
	}
	weather={
	}
}
