
strategic_region={
	id=120
	name="STRATEGICREGION_120"
	provinces={
		52 321 408 965 1279 1445 1523 1626 2215 2466 2505 3185 3464 3682 3714 3736 3746 3754 4121 4286 4732 4796 5064 5460 5642 5678 5879 6430 6444 6918 6954 7064 7065 7070 7210 7380 7717 7802 7965 8010 8076 8226 8308 8451 9022 9185 9759 10598 10618 10700 12640 12642 12651 12676 12690 12703 12732 12733 12743 12752 12761 12767 12778 12809 12821 12825 12836 12837 12845 12880 12881 12888 12896 12912 12914 12931 12944 12961 12969 12973 13033 13034 
	}
	weather={
	}
}
