
strategic_region={
	id=13
	name="STRATEGICREGION_13"
	provinces={
		187 217 570 597 610 761 1026 1082 1143 1202 1240 1781 2036 2091 2324 2628 2816 3013 3164 3243 3441 3510 3546 3625 3764 4181 4337 4397 4477 4508 4652 4871 5035 5306 5321 5700 5769 5794 6544 6577 6633 6759 7150 7487 7506 7513 7616 7805 8196 8501 8522 8535 8565 8609 8664 8835 8899 8959 8972 9151 9227 9281 9384 9489 9512 9513 9798 9897 9992 10167 10793 10959 11100 17488 17492 17502 17511 17513 17516 17531 17537 17539 17549 17562 17564 17567 17573 17590 17597 17601 17611 17619 17627 17629 17630 17637 17639 17646 17651 17652 17666 17670 17677 17678 17680 17682 17689 17690 17692 17695 17696 17700 17703 17704 17707 
	}
	weather={
	}
}
