
strategic_region={
	id=14
	name="STRATEGICREGION_14"
	provinces={
		9 62 71 126 178 191 216 275 277 326 336 348 363 380 446 457 545 589 624 630 642 665 686 760 788 807 831 842 848 852 918 947 968 989 1057 1084 1096 1110 1151 1198 1236 1247 1267 1277 1281 1372 1419 1424 1462 1491 1524 1570 1587 1632 1761 1774 1784 1821 1842 1844 1847 1848 1854 1873 1883 1889 1901 1932 1936 1957 1977 1981 1983 1985 2028 2041 2053 2065 2087 2144 2178 2204 2209 2275 2290 2321 2349 2520 2553 2602 2605 2612 2727 2751 2763 2778 2808 2875 2877 2946 2989 2991 3063 3077 3096 3098 3131 3165 3196 3229 3250 3291 3315 3348 3356 3416 3572 3584 3631 3691 3748 3828 3849 4061 4062 4077 4108 4133 4134 4156 4183 4195 4232 4243 4273 4283 4301 4312 4317 4344 4345 4371 4452 4462 4537 4543 4656 4696 4741 4825 4856 4868 4915 4916 4920 5068 5078 5080 5150 5238 5314 5432 5536 5537 5552 5630 5649 5652 5665 5697 5743 5755 5790 5836 5865 5875 5921 5947 5959 5961 5968 6090 6091 6105 6137 6247 6267 6320 6324 6352 6397 6470 6505 6602 6605 6630 6640 6726 6757 6781 6819 6859 6953 6964 6967 7030 7058 7069 7080 7117 7122 7144 7148 7212 7219 7278 7288 7292 7307 7382 7385 7438 7495 7504 7562 7571 7610 7611 7638 7660 7663 7683 7688 7706 7728 7766 7767 7808 7890 7913 7922 7927 7933 7976 8036 8059 8073 8074 8143 8157 8162 8207 8209 8243 8251 8259 8319 8358 8482 8507 8517 8531 8561 8589 8603 8613 8678 8687 8713 8767 8787 8800 8900 8916 9117 9135 9187 9194 9240 9254 9330 9354 9367 9468 9516 9527 9700 9768 9779 9799 9801 9814 9859 9861 9881 9929 9938 9960 10010 10085 10093 10205 10294 10343 10413 10417 10441 10468 10474 10481 10562 10655 10756 10815 10837 10839 10861 10934 11039 11056 11057 11430 11453 11458 11468 11473 11486 11487 11494 11503 11504 11507 11508 11510 11511 11519 11521 11530 11531 11532 11538 11539 11545 11546 11552 11564 11565 11568 11569 11576 11584 11585 11586 11591 11595 11596 11598 11599 11613 11614 11616 11619 11624 11628 11638 11639 11640 11643 11644 11648 11659 11660 11661 11662 11668 11670 11674 11678 11681 11682 11689 11691 11693 11694 11697 11704 11729 11740 11741 11760 11770 11781 11790 11796 11799 11813 11814 11817 11822 11828 11833 11837 11852 11865 11869 11885 11913 11936 11944 11945 11957 11960 11967 11977 11983 12009 12019 12027 12036 12045 12048 12055 12067 12068 12072 12079 12097 12103 12111 12112 12114 12135 12136 12143 12145 12159 12167 12171 12180 12202 12208 12209 12213 12237 12238 12242 12247 12251 12265 12269 12288 12291 12292 12299 12305 12307 12331 12334 12347 12354 12359 12360 12365 12371 12382 12387 12392 12393 12400 12401 12415 12416 12417 12439 12447 12459 12464 12473 12485 12501 12506 12507 12510 12525 12549 12555 12556 12608 12610 12611 12612 12619 12624 12630 12652 12653 12659 12664 12691 12696 12705 18925 18928 
	}
	weather={
	}
}
