
strategic_region={
	id=15
	name="STRATEGICREGION_15"
	provinces={
		185 317 386 436 514 547 552 716 829 885 1074 1120 1164 1178 1203 1218 1241 1390 1407 1413 1425 1430 1447 1485 1493 1685 1723 1789 1803 1877 2080 2095 2210 2236 2367 2394 2425 2442 2561 2620 3014 3192 3286 3308 3386 3451 3792 3820 3851 3928 3946 4030 4093 4115 4126 4320 4472 4729 4894 4910 5042 5145 5169 5377 5405 5530 5723 5911 5948 6030 6040 6057 6158 6159 6300 6380 6385 6491 6551 6580 6591 6671 6686 6831 6832 7049 7063 7109 7192 7265 7274 7296 7362 7821 7880 8274 8384 8545 8675 8720 8789 8906 8942 9220 9313 9567 9675 9804 9810 9900 9966 9979 10139 10211 10248 10472 10578 10795 10811 10867 10999 16294 16304 16328 16350 16362 16374 16380 16381 16405 16428 16441 16450 16469 16472 16477 16494 16504 16544 16548 16549 16556 16557 16561 16565 16578 16586 16587 16596 16597 16601 16604 16610 16644 16645 16648 16653 16654 16662 16665 16685 16686 16692 16708 16709 16710 16727 16746 16747 16752 16756 16762 16768 16787 16789 16823 16824 16830 16863 16869 16884 16888 16914 16935 16962 16969 16984 17020 17021 17024 17147 17158 17196 17202 17220 17261 17324 
	}
	weather={
	}
}
