
strategic_region={
	id=16
	name="STRATEGICREGION_16"
	provinces={
		69 76 80 105 117 166 188 251 271 301 330 338 362 398 403 413 419 423 438 445 453 467 502 528 564 565 573 575 576 594 598 637 698 704 755 765 804 827 899 904 948 975 985 1060 1098 1108 1121 1130 1147 1197 1217 1230 1249 1257 1285 1335 1344 1346 1354 1358 1392 1398 1399 1414 1446 1451 1483 1508 1511 1516 1538 1553 1555 1558 1619 1641 1669 1712 1720 1764 1788 1817 1833 1876 1888 2025 2117 2135 2138 2143 2167 2201 2235 2293 2299 2326 2330 2334 2335 2377 2415 2439 2450 2501 2515 2535 2540 2613 2615 2621 2632 2633 2683 2692 2748 2773 2775 2793 2826 2830 2836 2856 2878 2880 2920 2985 2986 3003 3011 3062 3066 3069 3106 3111 3175 3191 3197 3198 3230 3240 3293 3310 3327 3432 3434 3445 3463 3482 3543 3552 3565 3567 3585 3646 3694 3704 3802 3826 3844 3866 3898 3981 4116 4124 4153 4155 4219 4242 4291 4302 4310 4367 4390 4402 4423 4446 4479 4522 4558 4564 4569 4587 4593 4599 4662 4674 4713 4723 4735 4744 4788 4814 4859 4914 4932 4938 4943 4945 4963 4976 5026 5076 5077 5144 5168 5229 5330 5398 5403 5426 5472 5494 5512 5519 5533 5549 5557 5602 5606 5615 5694 5775 5853 5891 5926 5928 5951 5962 5965 5969 5986 5993 6002 6005 6023 6033 6101 6107 6111 6132 6140 6150 6161 6216 6261 6318 6353 6354 6360 6363 6411 6497 6515 6528 6569 6606 6610 6694 6713 6722 6761 6782 6843 6943 7071 7075 7099 7120 7154 7222 7316 7371 7386 7420 7421 7430 7431 7455 7468 7469 7476 7514 7594 7620 7628 7668 7722 7754 7777 7810 7813 7824 7837 7841 7882 7914 7952 7980 8019 8025 8079 8125 8130 8186 8192 8197 8282 8292 8312 8318 8331 8351 8381 8388 8390 8416 8466 8470 8483 8496 8503 8506 8556 8731 8744 8776 8817 8842 8851 8860 8868 8926 9081 9087 9141 9153 9175 9178 9182 9186 9222 9232 9244 9252 9272 9317 9318 9336 9348 9362 9378 9565 9604 9644 9672 9713 9724 9778 9830 9860 9862 9864 9876 9994 10005 10008 10074 10076 10149 10171 10186 10200 10250 10255 10274 10309 10338 10384 10409 10476 10483 10504 10532 10558 10572 10599 10740 10772 10773 10787 10827 10899 10938 10943 10989 11063 11065 16473 16506 16510 16531 16550 16566 16591 16618 16637 16666 16739 16757 16764 16785 16790 16827 16833 16844 16845 16846 16850 16870 16879 16880 16901 16919 16920 16921 16925 16926 16930 16950 16951 16955 16963 16970 16990 17004 17007 17014 17015 17016 17035 17045 17054 17055 17057 17060 17061 17063 17064 17085 17091 17094 17095 17108 17115 17120 17121 17124 17130 17131 17135 17138 17144 17148 17153 17164 17173 17174 17186 17189 17190 17197 17209 17210 17213 17218 17221 17234 17254 17259 17262 17263 17268 17269 17274 17275 17289 17294 17299 17302 17310 17317 17322 17334 17337 17343 17348 17349 17358 17364 17365 17366 17370 17374 17377 17378 17381 17382 17392 17395 17396 17398 17399 17411 17415 17419 17420 17422 17427 17428 17429 17431 17438 17439 17440 17442 17443 17445 17446 17450 17451 17452 17456 17466 17468 17476 17477 17482 17483 17489 17490 17493 17496 17497 17498 17500 17501 17503 17504 17505 17506 17510 17518 17520 17521 17522 17526 17527 17528 17532 17540 17541 17543 17550 17553 17554 17557 17565 17566 17571 17574 17575 17576 17579 17585 17592 17594 17595 17598 17599 17600 17603 17604 17606 17615 17620 17623 17624 17628 17632 17633 17638 17643 17644 17647 17653 17654 17656 17664 17667 17671 17674 17681 17684 17685 17688 17693 18920 
	}
	weather={
	}
}
