
strategic_region={
	id=17
	name="STRATEGICREGION_17"
	provinces={
		15 34 55 138 171 315 324 350 352 448 473 495 532 656 669 676 706 946 982 1010 1042 1107 1114 1132 1209 1337 1374 1395 1484 1505 1515 1542 1573 1645 1648 1677 1679 1741 1747 1748 1783 1852 1853 1927 1931 1937 2106 2145 2213 2273 2287 2413 2423 2622 2640 2779 2804 2807 2818 2849 2955 2996 3006 3010 3043 3067 3086 3105 3219 3234 3264 3284 3298 3304 3337 3442 3453 3472 3475 3483 3489 3495 3498 3619 3621 3676 3800 3829 3845 3894 3967 4087 4102 4226 4466 4499 4584 4629 4676 4734 4747 4762 4833 4866 4954 4955 4961 5051 5085 5087 5107 5165 5173 5176 5247 5267 5268 5269 5302 5308 5354 5428 5439 5450 5458 5463 5496 5510 5531 5578 5671 5680 5759 5884 5958 6016 6115 6148 6255 6268 6284 6314 6373 6482 6494 6499 6654 6673 6768 6855 6898 6929 7041 7042 7088 7096 7175 7256 7346 7577 7644 7680 7709 7780 7806 7848 7904 7920 7946 7972 7985 8062 8168 8178 8287 8304 8334 8364 8377 8391 8439 8475 8697 8714 8724 8782 8808 8922 8992 9094 9114 9250 9251 9393 9445 9616 9667 9680 9892 9923 9946 9961 10098 10165 10183 10213 10296 10350 10534 10560 10626 10649 10682 10754 10835 11006 11023 11045 15483 15533 15602 15612 15646 15677 15687 15727 15730 15737 15767 15795 15805 15806 15810 15822 15836 15841 15856 15868 15874 15881 15882 15902 15910 15911 15926 15930 15935 15936 15949 15951 15955 15956 15976 15993 16002 16018 16036 16043 16044 16050 16051 16060 16061 16073 16088 16089 16104 16105 16106 16107 16110 16127 16133 16140 16156 16160 16161 16170 16178 16179 16180 16189 16197 16204 16219 16227 16235 16236 16240 16261 16273 16278 16282 16295 16296 16314 16317 16324 16332 16347 16367 16382 16387 16388 16396 16406 16412 16423 16426 16433 16452 16457 16470 16489 16490 16535 16545 16551 16558 16579 16605 16612 16655 16656 16682 16690 16693 16744 16758 16799 17708 
	}
	weather={
	}
}
