
strategic_region={
	id=18
	name="STRATEGICREGION_18"
	provinces={
		18 66 74 84 110 120 157 209 230 270 456 466 499 625 682 696 791 797 876 940 966 967 1011 1062 1090 1097 1184 1212 1225 1266 1312 1357 1388 1470 1546 1588 1691 1707 1760 1765 1773 1777 1802 1815 1837 1896 1903 1904 1943 1996 2047 2208 2212 2316 2319 2411 2418 2492 2536 2573 2792 2815 2866 2914 2916 2937 3059 3135 3162 3163 3248 3280 3296 3299 3300 3397 3413 3486 3629 3665 3673 3796 3816 3886 3899 3908 3909 3950 4071 4167 4173 4216 4282 4313 4335 4368 4377 4461 4488 4566 4574 4664 4666 4668 4719 4810 4846 4993 5034 5141 5216 5252 5334 5363 5375 5501 5577 5599 5640 5735 5814 5882 6026 6063 6127 6131 6146 6153 6157 6236 6263 6335 6339 6435 6446 6514 6559 6571 6804 6842 6858 6911 6912 6933 6936 6985 6993 7002 7013 7032 7060 7113 7191 7225 7246 7266 7313 7338 7378 7444 7473 7522 7659 7698 7725 7727 7748 7752 7753 7771 7879 7884 8083 8084 8133 8156 8166 8230 8335 8375 8383 8540 8547 8601 8621 8663 8683 8747 8752 8769 8796 8832 8850 8856 8894 8967 8981 9074 9118 9183 9206 9228 9233 9235 9308 9347 9350 9355 9364 9383 9419 9444 9498 9506 9563 9600 9671 9808 9827 9909 9921 9924 10003 10020 10096 10109 10122 10136 10166 10199 10217 10308 10389 10456 10524 10528 10623 10624 10642 10688 10703 10728 10753 10801 10814 10831 10858 10868 10896 10920 10969 11020 11034 11083 14648 14649 14654 14675 14687 14694 14699 14700 14703 14708 14720 14722 14723 14727 14732 14756 14763 14772 14778 14789 14823 14832 14848 14851 14856 14865 14866 14882 14899 14900 14906 14917 14918 14920 14925 14935 14946 14951 14952 14955 14963 14968 14969 14979 14984 15005 15028 15029 15030 15040 15047 15054 15062 15071 15072 15078 15079 15080 15087 15121 15133 15137 15141 15147 15148 15159 15160 15173 15176 15180 15200 15201 15209 15210 15217 15225 15228 15229 15230 15241 15244 15254 15267 15275 15276 15282 15288 15296 15310 15329 15334 15342 15348 15357 15358 15364 15385 15392 15402 15412 15413 15416 15420 15421 15468 15477 15484 15495 15522 15527 15528 15547 15548 15568 15581 15599 15632 15655 15671 15704 15714 15715 15731 15749 15789 15796 15837 15940 18917 18944 18949 18950 
	}
	weather={
	}
}
