
strategic_region={
	id=188
	name="STRATEGICREGION_188"
	provinces={
		14 21 58 111 358 362 368 708 738 763 814 908 925 931 961 1119 1295 1340  1424 1452 1598 1664 1708 1726 1825 1928 2003 2030 2064 2113 2162 2208 2234 2423 2434 2660 2807 2823  2885 2974 2993 3035 3072 3099 3167 3251 3315 3359 3528 3718 3859 3876 4073 4076 4223 4230 4317 4367 4377 4416 4566 4590 4612 4633 4916 5001 5069 5093 5620 5766 5794 5795 5974 5976 6048 6058 6080 6186 6300 6360 6435 6513 6549 6590 6642 6750 6774 6862 6913 6986 6988 7016 7067 7100 7115 7161 7165 7215 7383 7436 7485 7523 7539 7637 7684 7721 7950 7960 8025 8084 8359 8416 8540 8589 8669 8913 9019 9067 9105 9196 9209 9230 9242 9348 9399 9544 9668 9677 9739 9791 9818 9847 9851 9939 9970 10005 10076 10131 10145 10227 10245 10316 10318 10346 10373 10508 10647 10677 10729 10747 11492 11517 11558 11595 11599 11605 11617 11649 11652 11661 11673 11680 11707 11712 11732 11738 11752 11764 11773 11801 11816 11830 11831 11837 11842 11849 11863 11869 11876 11888 11889 11900 11904 11908 11915 11916 11927 11935 11936 11941 11942 11943 11948 11949 11975 11978 11981 11982 11983 12002 12006 12016 12017 12033 12034 12060 12061 12062 12063 12065 12066 12071 12111 12112 12113 12114 12115 12120 12125 12129 12147 12154 12155 12156 12162 12179 12183 12190 12191 12205 12215 12222 12223 12238 12246 12263 12264 12265 12268 12298 12303 12314 12315 12336 12345 12359 12364 12367 12371 12386 12395 12396 12402 12403 12427 12452 12459 12491 12492 12500 12506 12513 12522 12543 12549 
	}
	weather={
		period={
			between={ 0.0 14.2 }
			temperature={ -10.0 35.0 }
			no_phenomenon=1.500
			rain_light=0.250
			rain_heavy=0.100
			snow=0.000
			blizzard=0.000
			arctic_water=0.000
			mud=0.000
			sandstorm=0.000
			min_snow_level=0.000
		}
	}
}
