
strategic_region={
	id=189
	name="STRATEGICREGION_189"
	provinces={
		64 85 404 477 534 854 891 1219 1388 1624 1644 1703 1878 1945 1959 1961 2014 2319 2499 2637 3002 3068 3402 3451 3541 3715 3861 3868 3905 3919 3925 3962 4518 4519 4545 4707 4764 4902 4919 4933 4999 5147 5220 5402 5661 5702 5876 6363 6423 6565 6709 6849 7065 7089 7099 7443 7696 7775 7949 7954 8240 8458 8613 8667 8729 8833 8835 8879 8892 9017 9058 9214 9347 9406 9439 9595 9897 10038 10382 10431 10477 10479 10529 12536 12554 12583 12584 12585 12600 12601 12604 12619 12622 12630 12637 12639 12643 12647 12681 12687 12688 12703 12709 12710 12717 12718 12725 12741 12746 12747 12756 12773 12780 12796 12797 12804 12816 12817 12831 12857 12858 12878 12879 12890 12891 12902 12907 12924 12930 12943 12967 12976 12977 12981 12991 13000 13009 13020 13023 13040 13067 13092 13097 13106 13109 13124 13128 13136 
	}
	weather={
		period={
			between={ 0.0 14.2 }
			temperature={ -10.0 35.0 }
			no_phenomenon=1.500
			rain_light=0.250
			rain_heavy=0.100
			snow=0.000
			blizzard=0.000
			arctic_water=0.000
			mud=0.000
			sandstorm=0.000
			min_snow_level=0.000
		}
	}
}
