
strategic_region={
	id=19
	name="STRATEGICREGION_19"
	provinces={
		2 10 93 149 169 409 429 469 544 554 563 602 753 764 879 932 1028 1136 1502 1503 1650 1701 1801 1813 1914 2156 2190 2284 2404 2491 2509 2755 2780 2898 2983 3000 3008 3033 3100 3121 3326 3352 3659 3683 3728 3776 3793 3813 3825 3869 3971 4006 4015 4042 4097 4148 4194 4299 4358 4375 4453 4553 4623 4757 4795 4867 4956 4990 5016 5149 5284 5366 5470 5535 5559 5584 5603 5627 5632 5699 5829 5950 6053 6295 6309 6394 6458 6467 6474 6737 6746 6874 6971 7345 7737 7842 7844 8099 8191 8216 8628 8751 8880 8943 8951 9020 9340 9436 9456 9485 9529 9590 9635 9637 9647 9723 9891 9997 10000 10004 10018 10276 10391 10405 10479 10535 10594 10629 10738 10741 10918 11834 11861 11866 11879 11895 11921 11925 11951 11965 11973 11986 12015 12049 12080 12083 12115 12132 12176 12210 12214 12218 12227 12236 12266 12270 12278 12282 12283 12295 12300 12306 12308 12313 12314 12320 12327 12335 12342 12366 12367 12376 12388 12406 12409 12427 12428 12432 12434 12448 12457 12476 12480 12481 12489 12490 12495 12508 12511 12512 12523 12526 12529 12531 12546 12560 12565 12572 12575 12582 12587 12594 12598 12603 12604 12626 12627 12632 12660 12673 12699 12709 12747 18932 18933 
	}
	weather={
	}
}
