
strategic_region={
	id=190
	name="STRATEGICREGION_190"
	provinces={
		37 94 106 112 115 121 170 190 255 328 428 506 546 579 586 689 709 733 767 832 853 856 867 901 928 958 1006 1088 1157 1164 1391 1399 1478 1505 1581 1591 1597 1625 1637 1660 1792 1818 1882 1984 2022 2034 2069 2169 2262 2298 2344 2455 2459 2471 2482 2543 2545 2640 2648 2714 2754 2829 2847 2870 2965 2989 3067 3079 3187 3203 3362 3427 3432 3563 3565 3584 3810 3899 3965 3973 4066 4128 4181 4268 4374 4414 4446 4503 4530 4559 4561 4571 4660 4681 4688 4720 4728 4802 4835 4836 4860 4940 4958 4973 4992 5191 5202 5300 5324 5338 5374 5450 5561 5601 5623 5626 5683 5755 5770 5773 5774 5804 5892 5912 6004 6031 6045 6075 6078 6150 6159 6166 6239 6291 6314 6329 6367 6373 6401 6404 6428 6458 6486 6502 6545 6577 6618 6727 6752 6879 6883 7030 7050 7085 7119 7142 7154 7191 7195 7197 7224 7231 7241 7256 7341 7394 7506 7528 7766 7767 7776 7813 7872 7906 7996 8066 8114 8140 8168 8211 8223 8224 8498 8503 8596 8674 8675 8696 8721 8726 8779 8795 8844 8960 8967 9158 9181 9208 9217 9396 9528 9542 9613 9616 9641 9676 9678 9690 9742 9764 9777 9800 9874 9909 9943 10009 10012 10088 10091 10111 10120 10158 10187 10193 10205 10234 10312 10319 10369 10406 10430 10446 10469 10556 10737 12149 12150 12165 12192 12226 12228 12276 12283 12329 12334 12342 12347 12351 12369 12374 12387 12388 12392 12398 12417 12421 12428 12433 12443 12444 12446 12451 12454 12461 12462 12465 12471 12476 12477 12482 12485 12486 12493 12494 12509 12510 12517 12518 12523 12524 12528 12529 12532 12533 12538 12539 12540 12555 12556 12562 12563 12564 12573 12574 12577 12578 12586 12594 12595 12596 12624 12631 12632 12633 12638 12640 12641 12648 12649 12650 12651 12658 12665 12671 12677 12689 12690 12695 12698 12713 12715 12719 12720 12731 12732 12733 12737 12748 12752 12759 12760 12761 12762 12763 12770 12775 12781 12782 12786 12789 12790 12799 12800 12801 12806 12807 12813 12821 12822 12825 12832 12836 12840 12843 12844 12850 12853 12862 12865 12866 12874 12881 12882 12887 12892 12894 12896 12897 12899 12904 12905 12908 12909 12911 12912 12913 12914 12926 12931 12932 12945 12953 12954 12955 12960 12961 12965 12969 13002 13003 13004 13005 13012 13013 13028 13031 13051 13052 13054 13055 13056 13060 13061 13069 13072 13078 13087 13088 13089 13094 13098 13099 13101 13112 13127 13141 13142 13143 13146 13150 13151 13152 13153 13173 13177 13178 13183 13188 13199 13200 13201 13202 13207 13210 13213 13217 13227 13232 13243 13255 13266 13273 13284 13288 13289 13304 13345 13354 13365 13372 13374 13378 13450 13461 13492 20807 
	}
	weather={
		period={
			between={ 0.0 14.2 }
			temperature={ -10.0 35.0 }
			no_phenomenon=1.500
			rain_light=0.250
			rain_heavy=0.100
			snow=0.000
			blizzard=0.000
			arctic_water=0.000
			mud=0.000
			sandstorm=0.000
			min_snow_level=0.000
		}
	}
}
