
strategic_region={
	id=193
	name="STRATEGICREGION_193"
	provinces={
		244 491 515 562 593 627 684 888 971 989 1028 1159 1194 1374 1403 1407 1790 1805 2012 2081 2212 2339 2433 2550 2588 2949 3184 3389 3441 3506 3522 3552 3869 3915 3928 3997 4221 4343 4589 4613 4981 4989 5070 5209 5301 5427 5742 5777 5873 5900 5917 5996 6247 6519 6782 6791 6932 6965 6970 7196 7277 7325 7462 7730 7747 7884 8325 8518 8612 8629 8774 8900 8911 8999 9193 9232 9250 9286 9356 9578 9635 9790 10072 10356 10523 11850 11877 11909 11910 12012 12038 12047 12072 12073 12086 12134 12144 12148 12163 12180 12197 12210 12230 12239 12240 12247 12254 12269 12270 12281 12282 12287 12304 12306 12325 12326 12327 12337 12341 12353 12354 12355 12372 12378 12381 12391 12411 12412 12416 12432 12453 12460 12470 12475 12497 12507 12537 12550 12560 12572 12605 12608 12612 12623 12670 12676 12693 12730 12757 12769 12812 12823 12861 12873 12880 12884 12939 12964 
	}
	weather={
		period={
			between={ 0.0 14.2 }
			temperature={ -10.0 35.0 }
			no_phenomenon=1.500
			rain_light=0.250
			rain_heavy=0.100
			snow=0.000
			blizzard=0.000
			arctic_water=0.000
			mud=0.000
			sandstorm=0.000
			min_snow_level=0.000
		}
	}
}
