
strategic_region={
	id=194
	name="STRATEGICREGION_194"
	provinces={
		45 378 554 672 754 976 1005 1055 1081 1100 1171 1611 1711 1824 1983 2334 2393 2601 2620 2733 2830 2835 3020 3031 3040 3135 3217 3281 3412 3554 3750 3882 3966 4084 4240 4324 4410 4756 4768 4941 5099 5139 5331 5483 5597 5668 5798 5965 6020 6183 6229 6382 6408 6439 6536 6560 6595 6796 6953 7236 7375 7655 7667 7700 7727 7825 7898 7964 8015 8092 8162 8305 8393 8812 8906 8918 9115 9385 9504 9527 9658 9687 10086 10148 10169 10215 10226 10392 10465 10506 10587 11991 11993 12035 12048 12078 12079 12087 12126 12127 12130 12131 12157 12164 12173 12175 12184 12224 12225 12241 12271 12338 12346 12356 12373 12404 12420 12449 12450 12481 12501 12502 12503 12508 12544 12561 12593 12652 12653 12654 12682 12704 12705 12711 12712 12722 12742 12743 12758 12774 12788 12798 12805 12818 12824 12842 12860 12885 12886 12903 12940 12952 12968 13001 13010 13025 13043 13044 13068 13071 13085 13103 13118 13129 13148 13186 13197 13252 13253 13254 13270 13285 13291 13326 20178 20223 20224 20393 20555 20564 20732 20742 20750 
	}
	weather={
		period={
			between={ 0.0 14.2 }
			temperature={ -10.0 35.0 }
			no_phenomenon=1.500
			rain_light=0.250
			rain_heavy=0.100
			snow=0.000
			blizzard=0.000
			arctic_water=0.000
			mud=0.000
			sandstorm=0.000
			min_snow_level=0.000
		}
	}
}
