
strategic_region={
	id=195
	name="STRATEGICREGION_195"
	provinces={
		15 86 118 142 143 176 268 574 668 725 801 859 916 920 1050 1201 1224 1286 1405 1575 1676 1784 1807 2009 2295 2303 2305 2391 2417 2419 2585 2644 2708 2749 2832 2837 2857 2878 3102 3124 3496 3688 3833 4015 4064 4421 4433 4645 4690 4805 4809 4972 5030 5109 5367 5416 5869 5880 5919 6028 6064 6089 6157 6204 6374 6669 6729 6850 7006 7076 7114 7214 7360 7794 7821 7933 8131 8264 8296 8383 8775 8786 9028 9042 9113 9149 9318 9350 9444 9732 10142 10202 10357 10359 10360 10474 10635 10683 10757 13125 13138 13160 13169 13175 13196 13212 13224 13230 13238 13239 13250 13251 13265 13269 13277 13282 13283 13295 13298 13299 13306 13307 13313 13315 13317 13318 13319 13324 13325 13328 13331 13332 13336 13337 13340 13341 13344 13349 13356 13357 13358 13361 13363 13368 13371 13376 13377 13384 13389 13390 13394 13395 13398 13400 13401 13407 13414 13421 13423 13432 13433 13434 13441 13442 13447 13449 13451 13454 13467 13478 13484 13485 13486 13503 13512 13513 13527 13533 13534 13543 13553 13563 13608 13624 13631 13663 
	}
	weather={
		period={
			between={ 0.0 14.2 }
			temperature={ -10.0 35.0 }
			no_phenomenon=1.500
			rain_light=0.250
			rain_heavy=0.100
			snow=0.000
			blizzard=0.000
			arctic_water=0.000
			mud=0.000
			sandstorm=0.000
			min_snow_level=0.000
		}
	}
}
