
strategic_region={
	id=2
	name="STRATEGICREGION_2"
	provinces={
		222 518 578 700 749 917 937 1021 1133 1162 1163 1273 1334 1339 1439 1543 1654 2184 2270 3038 3193 3200 3269 3561 3603 3731 3863 4054 4409 4816 4974 4978 5067 5099 5101 5139 5356 5372 5408 5465 5677 5729 5765 5791 5949 6028 6048 6086 6096 6183 6818 6935 7009 7149 7441 7467 7627 7719 7775 7963 7997 8050 8202 8238 8462 8539 8962 9255 9579 9652 9784 9908 9988 10060 10131 10238 10505 10541 11003 11077 12865 12889 12903 12942 12945 12946 12962 12991 12992 13010 13038 13043 13069 13073 13074 13075 13099 13114 13122 13123 13131 13140 13143 13163 13166 13236 13248 13256 13280 13282 13312 13388 13389 13415 13419 13446 13453 13468 13509 13516 13522 13544 13562 13580 13581 13616 13736 13797 
	}
	weather={
	}
}
