
strategic_region={
	id=20
	name="STRATEGICREGION_20"
	provinces={
		53 212 264 268 285 287 366 392 418 561 606 620 631 641 653 825 833 890 898 945 979 1078 1080 1261 1326 1450 1457 1464 1471 1699 1737 1744 1791 1835 1919 1922 1993 2008 2015 2060 2158 2237 2242 2268 2386 2416 2421 2426 2431 2579 2581 2584 2618 2675 2685 2745 2757 2828 2903 2974 2997 3025 3028 3037 3054 3108 3113 3120 3142 3235 3303 3343 3355 3367 3403 3412 3425 3478 3481 3488 3589 3596 3622 3643 3720 3809 3818 3889 3947 3995 4020 4026 4037 4052 4069 4125 4138 4207 4235 4244 4261 4385 4398 4418 4471 4490 4533 4549 4573 4683 4782 4803 4838 4860 4869 4882 4998 5096 5170 5204 5270 5297 5328 5339 5362 5374 5433 5455 5464 5546 5548 5695 5806 5924 5939 5956 5960 6036 6178 6256 6278 6338 6340 6389 6468 6507 6526 6531 6574 6674 6679 6698 6702 6830 6897 6910 6931 6969 7019 7021 7091 7174 7329 7333 7353 7437 7449 7477 7641 7658 7694 7700 7701 7715 7716 7761 7764 7874 7936 7986 8012 8042 8108 8120 8148 8149 8179 8195 8237 8260 8392 8495 8516 8525 8529 8593 8594 8649 8672 8729 8737 8785 8818 8843 8862 8877 8893 8961 9195 9247 9258 9262 9280 9289 9294 9342 9479 9524 9545 9566 9591 9709 9718 9719 9774 9805 9816 9821 9853 9872 9928 10058 10097 10104 10128 10135 10214 10240 10285 10328 10340 10342 10348 10370 10442 10556 10637 10661 10713 10763 10784 10967 10981 11110 13071 13093 13094 13100 13102 13106 13111 13112 13124 13129 13132 13136 13149 13153 13164 13172 13176 13177 13180 13192 13194 13212 13214 13217 13219 13226 13227 13237 13241 13250 13251 13252 13260 13275 13290 13296 13300 13305 13313 13314 13315 13326 13335 13336 13340 13341 13345 13349 13352 13357 13394 13395 13400 13401 13408 13409 13425 13431 13439 13440 13441 13448 13449 13459 13491 13492 13496 13497 13502 13503 13513 13532 13542 13563 13564 13568 13583 13584 13594 13599 13617 13625 13626 13631 13653 13657 13662 13678 13681 13692 13709 13719 13721 13751 13756 13757 13771 13772 13775 13777 13792 13802 13811 13819 13830 13835 13852 13853 13866 13867 13870 13871 13885 13886 13889 13890 13893 13894 13911 13917 13918 13926 13927 13940 13953 13954 13955 13959 13988 14000 14003 14018 14019 14022 14029 14030 14034 14035 14049 14060 14081 14099 14107 14117 14142 14154 14184 14185 14189 14192 14193 14196 14201 14214 14230 14231 14233 14234 14241 14250 14256 14261 14266 14292 14313 14314 14322 14331 14332 14363 14376 14402 14411 14420 14433 14456 14467 14503 14522 14540 
	}
	weather={
	}
}
