
strategic_region={
	id=205
	name="STRATEGICREGION_205"
	provinces={
		113 158 260 279 321 363 369 374 395 431 438 454 492 493 513 532 549 561 664 669 686 775 783 816 817 837 858 870 927 982 1021 1039 1054 1124 1220 1271 1285 1361 1395 1397 1417 1425 1451 1484 1486 1499 1504 1545 1622 1749 1763 1773 1801 1816 1918 2093 2147 2238 2373 2395 2400 2414 2436 2446 2487 2516 2518 2528 2532 2561 2624 2631 2717 2732 2788 2896 3033 3101 3173 3175 3266 3287 3360 3475 3509 3520 3613 3725 3739 3793 3848 3850 3851 3959 4002 4049 4074 4107 4145 4283 4345 4395 4432 4480 4551 4555 4586 4611 4643 4649 4682 4771 4804 4814 4856 4887 5005 5007 5045 5179 5226 5290 5308 5387 5448 5459 5469 5533 5575 5596 5680 5801 5850 5851 5899 5902 5973 5998 6148 6251 6332 6354 6466 6468 6490 6510 6679 6734 6816 6839 6847 6848 6858 6939 7011 7047 7087 7110 7123 7184 7194 7217 7247 7273 7306 7387 7390 7398 7445 7565 7664 7737 7741 7789 7816 7843 7851 7919 7951 8037 8091 8339 8367 8384 8404 8438 8542 8557 8560 8584 8625 8665 8684 8750 8885 8903 8914 9174 9191 9236 9330 9362 9426 9429 9446 9484 9492 9509 9541 9612 9654 9689 9709 9749 9758 9784 9833 9836 9860 9940 9941 9948 9983 10095 10100 10108 10178 10297 10370 10375 10492 10595 10629 10665 10750 10791 14666 14679 14733 14740 14810 14824 14872 14908 14921 14928 14962 14993 15008 15019 15027 15047 15063 15078 15080 15086 15103 15104 15109 15119 15131 15132 15141 15142 15149 15174 15198 15202 15203 15217 15222 15246 15247 15254 15255 15259 15267 15268 15277 15285 15293 15301 15310 15324 15338 15339 15345 15357 15364 15369 15382 15392 15408 15414 15427 15428 15429 15438 15460 15463 15502 15503 15508 15516 15517 15518 15527 15543 15558 15562 15563 15574 15575 15581 15594 15602 15606 15616 15622 15635 15636 15637 15645 15646 15652 15692 15703 15704 15709 15713 15719 15720 15746 15747 15753 15754 15762 15779 15780 15786 15798 15799 15811 15812 15822 15823 15829 15830 15848 15859 15866 15885 15888 15889 15899 15917 15921 15925 15943 15952 15961 15962 15967 15976 15979 15995 16002 16013 16023 16029 16046 16053 16054 16055 16059 16080 16090 16091 16098 16114 16125 16130 16131 16143 16150 16161 16166 16170 16182 16185 16191 16192 16205 16214 16231 16245 16260 16261 16283 16292 16305 16306 16314 16315 16322 16323 16329 16330 16339 16353 16362 16370 16384 16402 16406 16430 16453 16454 16468 16480 16510 16511 16531 16548 16554 16579 16580 16581 16597 16600 16601 16640 16655 16696 16697 16698 16719 16724 16725 16767 16768 16785 16810 16835 20673 
	}
	weather={
		period={
			between={ 0.0 14.2 }
			temperature={ -10.0 35.0 }
			no_phenomenon=1.500
			rain_light=0.250
			rain_heavy=0.100
			snow=0.000
			blizzard=0.000
			arctic_water=0.000
			mud=0.000
			sandstorm=0.000
			min_snow_level=0.000
		}
	}
}
