
strategic_region={
	id=206
	name="STRATEGICREGION_206"
	provinces={
		34 75 103 188 296 414 424 425 475 572 618 624 751 781 835 869 903 977 1026 1030 1143 1169 1192 1235 1418 1440 1449 1514 1552 1585 1586 1729 1799 1847 1853 1934 2027 2052 2097 2114 2144 2166 2178 2186 2194 2261 2346 2498 2539 2540 2608 2662 2694 2715 2724 2744 2897 3022 3081 3150 3161 3191 3195 3218 3326 3350 3367 3407 3452 3455 3567 3665 3791 3842 3886 3976 3993 4001 4033 4054 4163 4198 4262 4341 4354 4360 4364 4437 4449 4531 4598 4655 4665 4698 4708 4861 4870 4874 4879 4942 5022 5173 5212 5266 5312 5313 5394 5451 5465 5472 5546 5647 5690 5709 5726 5887 5924 6092 6308 6344 6357 6388 6429 6492 6505 6537 6588 6601 6694 6746 6773 6825 6857 6993 7079 7093 7103 7163 7198 7289 7380 7507 7520 7584 7601 7660 7679 7805 7913 7915 7928 7970 7985 8041 8080 8119 8183 8189 8216 8263 8309 8327 8436 8535 8548 8644 8769 8809 8847 8854 8907 8943 8986 8987 9040 9097 9225 9257 9274 9297 9462 9470 9472 9487 9495 9500 9561 9644 9662 9754 9776 9865 9934 9937 9995 10028 10049 10283 10308 10339 10371 10401 10421 10500 10521 10533 10561 10576 10592 10603 10609 10676 10783 14847 14880 14922 15003 15045 15054 15055 15110 15111 15133 15184 15188 15199 15218 15223 15229 15239 15248 15269 15270 15296 15302 15305 15311 15325 15346 15347 15358 15359 15365 15375 15383 15384 15385 15401 15409 15415 15421 15422 15430 15431 15444 15452 15461 15472 15473 15490 15519 15528 15544 15551 15564 15570 15582 15583 15595 15596 15611 15617 15623 15647 15653 15671 15685 15686 15693 15694 15705 15738 15748 15749 15763 15788 15789 15792 15800 15813 15843 15860 15867 15868 15879 15890 15913 15926 15933 15944 15945 15953 15963 15980 15983 15984 15988 15996 16014 16018 16024 16040 16041 16047 16056 16060 16061 16070 16076 16081 16082 16092 16102 16103 16104 16115 16144 16145 16151 16157 16167 16186 16193 16194 16222 16246 16253 16262 16263 16269 16270 16284 16293 16294 16297 16298 16308 16309 16316 16317 16324 16325 16340 16354 16363 16377 16378 16392 16407 16411 16431 16436 16437 16438 16455 16460 16465 16481 16485 16490 16491 16498 16499 16500 16512 16522 16532 16537 16540 16555 16560 16561 16566 16575 16598 16624 16625 16647 16672 16677 16683 16705 16713 16720 16786 16850 
	}
	weather={
		period={
			between={ 0.0 14.2 }
			temperature={ -10.0 35.0 }
			no_phenomenon=1.500
			rain_light=0.250
			rain_heavy=0.100
			snow=0.000
			blizzard=0.000
			arctic_water=0.000
			mud=0.000
			sandstorm=0.000
			min_snow_level=0.000
		}
	}
}
