
strategic_region={
	id=207
	name="STRATEGICREGION_207"
	provinces={
		1 9 67 138 184 229 269 289 340 423 550 595 608 677 695 719 730 757 762 782 788 819 830 868 946 1016 1025 1040 1046 1053 1064 1200 1204 1207 1250 1290 1332 1333 1339 1342 1356 1481 1583 1615 1648 1656 1736 1758 1800 1803 1829 1867 1875 1919 1935 2015 2024 2035 2096 2103 2129 2145 2196 2215 2218 2243 2260 2267 2290 2554 2612 2645 2697 2739 2770 2787 2811 2875 2893 2900 2962 3004 3159 3198 3330 3335 3361 3377 3382 3414 3435 3459 3501 3663 3698 3705 3767 3870 3871 3907 3954 3986 3987 4088 4118 4132 4208 4220 4444 4455 4472 4507 4516 4635 4678 4686 4830 4876 4936 4943 4966 5016 5042 5048 5067 5137 5265 5267 5306 5320 5328 5392 5475 5511 5523 5532 5534 5633 5659 5699 5715 5781 5800 5826 5891 6010 6021 6027 6094 6122 6194 6233 6271 6328 6385 6449 6485 6504 6589 6684 6800 6805 6828 6836 6864 6941 6964 7054 7077 7097 7221 7381 7441 7517 7527 7685 7687 7714 7793 7834 7868 7877 7939 7943 8002 8050 8083 8111 8122 8157 8164 8165 8219 8237 8307 8423 8648 8692 8693 8708 8788 8863 8923 8958 9001 9107 9124 9133 9145 9165 9488 9605 9812 9905 9944 10014 10033 10079 10136 10149 10263 10333 10451 10530 10550 10620 10627 10724 10732 13402 13415 13458 13470 13471 13487 13491 13500 13514 13520 13528 13538 13544 13554 13557 13558 13560 13564 13571 13572 13574 13575 13576 13583 13584 13594 13597 13598 13601 13605 13609 13612 13625 13626 13635 13639 13644 13667 13668 13669 13671 13681 13682 13688 13693 13696 13697 13706 13713 13714 13716 13717 13732 13737 13745 13746 13754 13755 13762 13767 13775 13776 13785 13786 13796 13804 13810 13821 13837 13838 13851 13858 13865 13866 13874 13880 13881 13882 13887 13888 13889 13890 13905 13917 13921 13935 13936 13957 13958 13964 13965 14006 14007 14008 14024 14040 14059 14065 14070 14080 14092 14103 14104 14120 14127 14128 14135 14141 14148 14149 14154 14155 14161 14162 14166 14211 14212 14226 14227 14242 14270 14275 14278 14283 14297 14298 14307 14317 14324 14325 14344 14345 14361 14366 14408 14440 14455 14468 14479 14483 14488 14501 14502 14513 14565 14570 14577 14578 14586 14594 14600 14612 14641 14648 14660 14664 14665 14672 14687 14705 14726 14727 14728 14732 14755 14756 14761 14785 14805 14809 14823 14831 14845 14857 14864 14885 14886 14891 14953 14954 14960 14961 15018 15026 15062 15079 
	}
	weather={
		period={
			between={ 0.0 14.2 }
			temperature={ -10.0 35.0 }
			no_phenomenon=1.500
			rain_light=0.250
			rain_heavy=0.100
			snow=0.000
			blizzard=0.000
			arctic_water=0.000
			mud=0.000
			sandstorm=0.000
			min_snow_level=0.000
		}
	}
}
