
strategic_region={
	id=208
	name="STRATEGICREGION_208"
	provinces={
		248 471 613 827 1041 1092 1126 1177 1422 1473 1474 1906 1923 1926 2199 2293 2310 2325 2568 2573 2678 2862 2963 2970 3011 3142 3143 3239 3378 3732 3749 3863 3884 3996 4029 4458 4505 4597 4833 4868 5215 5381 5407 5570 5583 5651 5822 5853 5950 5993 6057 6199 6346 6372 6433 6521 6543 6661 6742 6766 6779 6900 6945 7131 7244 7262 7542 7574 7732 7802 7862 7882 7945 8019 8151 8175 8310 8330 8352 8366 8449 8764 8830 8894 9008 9020 9117 9161 9192 9249 9523 9552 9602 9748 10044 10087 10117 10144 10155 10277 10377 10381 10394 10528 10586 11610 11614 11667 11703 11714 11733 11774 11778 11781 11793 11795 11851 11871 11878 11884 11885 11890 11894 11895 11901 11905 11911 11919 11920 11928 11929 11944 11945 11953 11954 11963 11964 11976 11979 11980 12003 12007 12013 12022 12023 12027 12028 12043 12049 12050 12067 12068 12074 12075 12091 12096 12101 12102 12105 12106 12107 12116 12121 12128 12132 12140 12141 12151 12167 12168 12169 12176 12181 12193 12203 12206 12211 12216 12217 12218 12231 12242 12251 12255 12257 12260 12266 12272 12273 12277 12278 12284 12288 12292 12293 12299 12316 12322 12328 12330 12339 12348 12349 12368 12370 12375 12379 12382 12383 12405 12413 12422 12464 
	}
	weather={
		period={
			between={ 0.0 14.2 }
			temperature={ -10.0 35.0 }
			no_phenomenon=1.500
			rain_light=0.250
			rain_heavy=0.100
			snow=0.000
			blizzard=0.000
			arctic_water=0.000
			mud=0.000
			sandstorm=0.000
			min_snow_level=0.000
		}
	}
}
