
strategic_region={
	id=21
	name="STRATEGICREGION_21"
	provinces={
		33 121 134 137 182 183 218 263 273 329 361 428 465 486 526 582 592 596 607 629 652 742 766 773 779 781 784 834 850 881 916 936 957 984 1056 1113 1246 1272 1278 1287 1294 1305 1319 1342 1442 1449 1479 1525 1557 1598 1630 1655 1667 1680 1702 1709 1722 1727 1804 1826 1831 1855 1858 1890 1902 1923 1948 2068 2077 2108 2131 2154 2179 2186 2202 2232 2256 2336 2350 2365 2379 2412 2427 2430 2457 2517 2522 2546 2576 2629 2647 2672 2680 2704 2714 2718 2721 2728 2742 2743 2760 2768 2772 2840 2851 2889 2890 2891 2892 3020 3039 3051 3101 3148 3168 3177 3181 3205 3244 3255 3271 3283 3297 3360 3392 3396 3427 3443 3447 3460 3484 3492 3517 3544 3569 3590 3623 3653 3662 3675 3679 3717 3766 3775 3835 3868 3924 3944 3961 3991 4086 4096 4106 4118 4152 4176 4186 4187 4191 4197 4252 4276 4295 4314 4322 4384 4440 4520 4545 4641 4654 4673 4752 4756 4824 4880 4913 4939 4975 4982 5012 5053 5074 5086 5094 5146 5151 5202 5210 5218 5236 5245 5283 5387 5397 5416 5420 5441 5459 5488 5515 5528 5576 5628 5629 5638 5647 5661 5721 5722 5792 5838 5974 5982 6008 6012 6031 6136 6138 6144 6201 6231 6294 6302 6303 6418 6424 6432 6441 6442 6463 6484 6496 6512 6604 6625 6629 6648 6747 6755 6760 6765 6788 6792 6850 6982 7016 7026 7027 7074 7101 7137 7142 7146 7151 7173 7240 7267 7306 7308 7323 7332 7355 7359 7447 7509 7525 7579 7591 7592 7598 7626 7705 7714 7772 7773 7786 7811 7836 7894 7950 7953 7977 7987 8015 8051 8094 8123 8132 8153 8160 8201 8220 8261 8265 8271 8306 8328 8380 8407 8413 8452 8486 8559 8563 8568 8575 8576 8577 8611 8622 8631 8648 8673 8684 8699 8790 8815 8857 8859 8879 8895 8911 8917 8918 8924 8946 8953 8968 8971 9045 9053 9058 9075 9082 9133 9138 9158 9162 9174 9190 9191 9198 9224 9253 9288 9335 9353 9402 9464 9520 9550 9575 9593 9632 9670 9673 9701 9735 9743 9749 9761 9771 9777 9792 9850 9858 9884 9918 9947 9983 9993 10068 10155 10180 10261 10290 10317 10330 10361 10372 10432 10449 10464 10496 10497 10511 10515 10525 10554 10563 10593 10614 10619 10648 10672 10675 10678 10695 10715 10724 10726 10778 10786 10792 10810 10822 10842 10843 10997 11049 11071 11102 11112 11113 11121 11126 13222 13228 13291 13292 13319 13327 13342 13358 13373 13396 13402 13426 13427 13428 13430 13432 13433 13442 13443 13478 13483 13493 13498 13499 13504 13505 13511 13526 13546 13554 13559 13565 13566 13572 13585 13595 13600 13601 13602 13606 13607 13618 13627 13632 13635 13637 13654 13658 13663 13668 13682 13683 13693 13694 13702 13714 13715 13728 13737 13741 13752 13758 13778 13779 13803 13804 13820 13821 13822 13831 13836 13860 13868 13887 13895 13896 13905 13912 13945 13960 13969 13977 13978 13983 13984 13989 14004 14009 14010 14014 14023 14024 14036 14043 14050 14063 14064 14068 14075 14100 14118 14119 14135 14143 14155 14190 14197 14198 14202 14215 14216 14217 14235 14242 14243 14251 14252 14257 14262 14267 14268 14269 14277 14278 14281 14282 14288 14323 14333 14334 14335 14339 14340 14341 14344 14345 14346 14358 14364 14365 14366 14377 14378 14389 14391 14400 14406 14412 14423 14428 14429 14430 14443 14444 14449 14468 14469 14481 14484 14491 14492 14498 14504 14514 14537 14550 14556 14580 14581 14586 14598 14602 14613 14618 14641 14669 14674 14695 14698 14714 14731 14744 14745 14748 14755 14765 14792 14802 14803 14805 14806 14819 14822 14831 14839 14840 14841 14864 14873 14879 14905 14909 14924 14930 14941 14961 15023 15027 15061 15077 15086 15093 15115 15158 15164 15175 15227 15232 15251 15274 15287 15304 15321 15328 15347 15360 15379 15411 15415 15441 15457 15494 15546 15576 15598 15606 15639 15664 18916 
	}
	weather={
	}
}
