
strategic_region={
	id=22
	name="STRATEGICREGION_22"
	provinces={
		22 41 54 61 114 165 192 197 322 323 442 531 770 1018 1068 1111 1172 1216 1233 1235 1422 1435 1476 1487 1541 1593 1606 1658 1675 1698 1750 1805 1887 1941 2044 2103 2185 2198 2221 2244 2247 2310 2353 2356 2362 2428 2445 2456 2537 2582 2599 2608 2659 2669 2709 2726 2752 2796 2803 2987 3007 3056 3057 3145 3246 3292 3313 3361 3379 3387 3424 3436 3512 3545 3615 3639 3660 3848 3879 3902 3938 3958 4013 4014 4092 4112 4158 4174 4206 4338 4354 4366 4493 4684 4690 4703 4767 4779 4807 4855 4884 4891 4897 4937 5056 5059 5106 5117 5121 5136 5209 5260 5415 5446 5448 5449 5492 5551 5573 5592 5593 5709 5803 5896 5984 6068 6097 6156 6190 6195 6199 6317 6440 6547 6561 6650 6681 6712 6930 7168 7224 7272 7344 7434 7516 7526 7630 7741 7945 8041 8111 8169 8173 8181 8298 8348 8373 8397 8398 8399 8401 8431 8524 8710 8727 8935 8988 8998 9025 9270 9292 9649 9722 9747 9869 9896 9930 10007 10014 10080 10292 10302 10345 10393 10437 10548 10583 10817 10888 10924 10927 10987 11131 11133 11148 11152 11157 11160 11177 11185 11186 11219 11226 11237 11243 11261 11267 11288 11298 11308 11330 11341 11353 11358 11373 11378 11386 11391 11398 11404 11405 11418 11424 11438 11439 11440 11442 11451 11459 11474 11475 11505 11512 11523 11524 11542 11556 11561 11570 11587 11592 11593 11605 11606 11610 11625 11626 11645 11649 11656 11657 11663 11675 11676 11698 11705 11707 11708 11732 11737 11747 11753 11771 11775 11777 11794 11815 11818 11819 11829 11840 11890 11896 11897 11898 11916 11933 11937 11938 11952 11961 11978 11980 11999 12005 12037 12046 12073 12081 12098 12104 12133 12134 12144 12163 12182 12184 12187 12203 12219 12230 12231 12248 12258 12271 12290 12296 12336 12348 12381 12394 
	}
	weather={
	}
}
