
strategic_region={
	id=228
	name="STRATEGICREGION_228"
	provinces={
		53 400 862 892 963 1163 1416 1456 1479 1507 1511 1530 1643 1727 1842 1963 2008 2040 2229 2237 2256 2288 2300 2343 2456 2462 2531 2654 2721 2795 2977 2978 3009 3144 3206 3311 3334 3396 3524 3591 3641 3995 4007 4170 4228 4271 4375 4412 4465 4478 4539 4684 4757 4794 4931 4977 5034 5073 5090 5349 5501 5525 5980 6101 6142 6237 6295 6319 6343 6400 6480 6616 6664 6680 6706 6715 6822 6979 7023 7373 7590 7645 8298 8489 8682 8732 8744 8762 8765 8840 9079 9099 9243 9281 9486 9665 9688 9766 9825 9910 10229 10255 10293 10334 10462 10484 16793 16809 16834 16855 16882 16883 16889 16895 16896 16941 16942 16947 16948 16949 16961 17005 17020 17035 17045 17051 17055 17056 17057 17067 17068 17099 17100 17105 17110 17114 17115 17123 17135 17149 17153 17154 17161 17162 17167 17168 17185 17211 17215 17216 17222 17231 17232 17233 17239 17255 17289 17298 17310 17319 17326 17333 17357 17371 17378 17379 17387 17388 17409 17422 17431 17432 17453 17462 17491 17492 17510 17511 17524 17539 17548 17558 17568 17578 17590 17616 17644 17668 17674 17687 17700 17714 17733 17756 17763 17788 17789 17803 17804 17814 17827 17828 17858 17859 17868 17886 
	}
	weather={
		period={
			between={ 0.0 14.2 }
			temperature={ -10.0 35.0 }
			no_phenomenon=1.500
			rain_light=0.250
			rain_heavy=0.100
			snow=0.000
			blizzard=0.000
			arctic_water=0.000
			mud=0.000
			sandstorm=0.000
			min_snow_level=0.000
		}
	}
}
