
strategic_region={
	id=229
	name="STRATEGICREGION_229"
	provinces={
		116 305 612 639 692 820 944 1189 1222 1223 1402 1483 1680 1745 1768 1772 1796 1925 1933 2031 2123 2176 2633 2638 2822 2924 2964 3077 3193 3456 3560 3680 4050 4334 4351 4441 4523 4579 5041 5148 5182 5268 5297 5303 5560 5577 5760 5840 5866 5904 5905 6018 6043 6053 6230 6326 6531 6619 6852 6916 6947 6983 7309 7342 7444 7505 7543 7571 7577 7657 7709 7763 7994 8135 8331 8417 8435 8638 8753 8768 8781 8815 8945 9003 9034 9070 9100 9292 9371 9387 9493 9565 9649 9743 9848 10006 10106 10122 10501 10584 10727 16565 16586 16590 16608 16609 16632 16663 16671 16676 16699 16734 16739 16743 16753 16762 16781 16795 16818 16819 16822 16827 16841 16856 16868 16874 16884 16890 16897 16898 16912 16916 16917 16918 16924 16925 16962 16974 16975 16981 16982 16999 17000 17006 17010 17011 17069 17070 17075 17080 17106 17140 17141 17150 17169 17177 17193 17194 17224 17234 17258 17259 17260 17269 17284 17285 17311 17341 17358 17367 17390 17396 17424 17434 
	}
	weather={
		period={
			between={ 0.0 14.2 }
			temperature={ -10.0 35.0 }
			no_phenomenon=1.500
			rain_light=0.250
			rain_heavy=0.100
			snow=0.000
			blizzard=0.000
			arctic_water=0.000
			mud=0.000
			sandstorm=0.000
			min_snow_level=0.000
		}
	}
}
