
strategic_region={
	id=23
	name="STRATEGICREGION_23"
	provinces={
		1 13 14 16 67 79 233 353 470 485 515 583 593 662 756 757 790 794 838 845 869 939 942 963 986 1007 1131 1152 1179 1186 1250 1366 1396 1421 1441 1468 1474 1494 1537 1620 1742 1769 1832 1872 1875 1907 1961 2030 2083 2264 2280 2328 2493 2552 2597 2660 2723 2758 2774 2952 3024 3078 3103 3115 3124 3208 3249 3322 3371 3433 3576 3587 3739 3759 3808 3891 4000 4040 4085 4103 4119 4159 4169 4278 4340 4350 4386 4474 4475 4536 4548 4562 4588 4613 4624 4685 4712 4727 4813 4881 4922 4970 5069 5300 5318 5355 5440 5498 5499 5565 5645 5658 5756 5922 5938 6009 6141 6271 6334 6344 6383 6647 6656 6675 6710 6809 6836 6891 6928 6998 7038 7102 7186 7366 7384 7409 7488 7608 7681 7826 7878 7905 8003 8221 8239 8256 8586 8591 8614 8639 8655 8717 8775 8833 8913 8966 8986 9201 9293 9305 9315 9332 9343 9366 9442 9449 9452 9454 9467 9471 9542 9679 9716 9752 10380 10388 10531 10538 10540 10597 10645 10727 10845 10876 10939 10971 10982 11011 11019 11038 11283 11289 11299 11313 11315 11316 11331 11332 11337 11342 11349 11368 11369 11371 11374 11379 11381 11382 11392 11408 11412 11419 11422 11425 11426 11441 11447 11454 11455 11457 11488 11492 11499 11509 11513 11534 11540 11548 11551 11562 11574 11577 11578 11581 11589 11600 11607 11612 11621 11629 11641 11647 11651 11666 11679 11690 11709 11711 11712 11718 11721 11725 11726 11733 11742 11743 11744 11748 11761 11766 11772 11792 11800 11801 11805 11823 11824 11825 11835 11841 11843 11844 11856 11867 11887 11905 11926 11943 11946 11953 11958 11966 11987 18926 
	}
	weather={
	}
}
