
strategic_region={
	id=230
	name="STRATEGICREGION_230"
	provinces={
		27 41 175 246 263 304 334 818 899 952 968 998 1099 1125 1215 1255 1525 1584 1690 1765 1813 1927 1947 1986 2106 2264 2302 2479 2563 2636 2771 2871 3055 3084 3423 3532 3533 3852 3921 3923 4031 4175 4265 4289 4291 4319 4328 4629 4657 4714 4722 4733 4763 4784 4841 4926 5025 5076 5084 5092 5162 5221 5233 5671 5858 5961 6026 6073 6160 6235 6387 6436 6444 6451 6507 6564 6705 6767 6904 6914 7266 7349 7438 7519 7579 7589 7600 7640 7715 7770 7839 7986 8065 8069 8109 8214 8337 8365 8395 8402 8460 8567 8619 8624 8650 8657 8801 8940 8989 9030 9096 9299 9545 9557 9608 9673 9771 9816 9838 9850 10019 10249 10292 10405 17058 17059 17163 17290 17327 17403 17410 17423 17433 17439 17458 17473 17483 17498 17504 17569 17609 17617 17675 17688 17701 17715 17751 17769 17805 17829 17843 17869 17890 17927 17934 17944 17949 17962 17983 17984 17997 18003 18004 18009 18016 18017 18026 18027 18045 18073 18086 18093 18107 18108 18121 18142 18172 18181 18182 18196 18215 18216 18217 18235 18250 18276 18285 18304 18308 18336 18337 18368 18383 18384 18412 18413 18429 18453 18454 18469 18479 18490 18508 18532 18533 18559 18571 18582 18591 18614 18701 
	}
	weather={
		period={
			between={ 0.0 14.2 }
			temperature={ -10.0 35.0 }
			no_phenomenon=1.500
			rain_light=0.250
			rain_heavy=0.100
			snow=0.000
			blizzard=0.000
			arctic_water=0.000
			mud=0.000
			sandstorm=0.000
			min_snow_level=0.000
		}
	}
}
