
strategic_region={
	id=231
	name="STRATEGICREGION_231"
	provinces={
		131 163 307 483 602 607 809 1001 1173 1227 1315 1470 1665 1810 1896 1942 1946 2005 2048 2151 2232 2250 2308 2366 2426 2449 2477 2578 2583 2586 2682 2723 2879 2898 2927 3052 3249 3351 3357 3371 3610 3690 3699 3809 4178 4297 4338 4459 4466 4511 4664 4848 4850 4955 5112 5187 5217 5273 5507 5775 5862 5913 6210 6236 6258 6432 6456 6471 6575 6606 6644 6712 7049 7166 7183 7210 7245 7267 7270 7493 7525 7661 7858 7957 8174 8230 8273 8371 8555 8571 8593 8621 8652 8677 8731 8964 8997 9219 9227 9245 9315 9575 9653 9759 9852 9891 9913 9932 10115 10184 10200 10342 10393 10494 10509 10543 10648 10687 10773 17223 17299 17380 17389 17411 17419 17445 17468 17488 17499 17528 17540 17570 17579 17580 17618 17645 17669 17689 17716 17717 17725 17739 17743 17744 17745 17770 17771 17790 17798 17799 17822 17830 17836 17844 17860 17870 17880 17887 17888 17891 17892 17897 17908 17909 17928 17935 17945 17950 17963 17964 17977 17978 17985 18028 18035 18036 18041 18055 18064 18109 18110 18111 18122 18129 18133 18143 18154 18160 18161 18183 18184 18192 18197 18204 18229 18251 18252 18253 18254 18277 18296 18297 18305 18309 18310 18315 18326 18340 18341 18342 18375 18376 18385 18391 18549 18612 18644 18768 18785 18807 
	}
	weather={
		period={
			between={ 0.0 14.2 }
			temperature={ -10.0 35.0 }
			no_phenomenon=1.500
			rain_light=0.250
			rain_heavy=0.100
			snow=0.000
			blizzard=0.000
			arctic_water=0.000
			mud=0.000
			sandstorm=0.000
			min_snow_level=0.000
		}
	}
}
