
strategic_region={
	id=232
	name="STRATEGICREGION_232"
	provinces={
		18 154 339 412 517 536 665 720 746 760 802 810 861 885 1008 1010 1093 1128 1168 1236 1360 1369 1427 1455 1471 1630 1678 2028 2206 2317 2437 2530 2541 2572 2728 2804 2816 2833 2891 2956 2992 3043 3106 3153 3234 3313 3510 3687 3689 3816 3866 3935 3938 3952 4124 4159 4182 4184 4186 4247 4486 4521 4546 4701 4982 5021 5174 5319 5548 5653 5685 5746 5765 5849 5863 5951 5975 6041 6130 6180 6219 6264 6280 6342 6395 6568 6641 6646 6668 6887 6927 7209 7382 7560 7573 7576 7598 7673 7724 7786 7818 7883 7926 7937 8207 8210 8370 8379 8486 8574 8888 8893 9102 9112 9114 9343 9600 9733 9750 9832 9862 9963 10056 10211 10387 10425 10482 10548 10574 10704 10708 10723 10738 10761 14686 14731 14753 14754 14784 14796 14804 14844 14878 14936 14952 14979 14985 14986 15001 15002 15033 15037 15044 15070 15071 15085 15097 15101 15102 15147 15148 15161 15162 15164 15169 15187 15209 15216 15253 15266 15276 15290 15291 15304 15309 15329 15335 15336 15337 15344 15356 15368 15374 15398 15399 15400 15437 15443 15451 15459 15481 15482 15483 15489 15495 15500 15501 15515 15524 15525 15526 15538 15542 15549 15550 15588 15601 15621 15626 15627 15644 15667 15670 15690 15691 15702 15718 15725 15735 15737 15778 15783 15805 15809 15821 15828 15847 15863 15877 15894 15908 15931 15951 15957 16088 16101 16142 16201 16202 16203 16244 20812 
	}
	weather={
		period={
			between={ 0.0 14.2 }
			temperature={ -10.0 35.0 }
			no_phenomenon=1.500
			rain_light=0.250
			rain_heavy=0.100
			snow=0.000
			blizzard=0.000
			arctic_water=0.000
			mud=0.000
			sandstorm=0.000
			min_snow_level=0.000
		}
	}
}
