
strategic_region={
	id=233
	name="STRATEGICREGION_233"
	provinces={
		2 44 93 196 207 383 633 729 866 878 879 917 1038 1252 1284 1461 1547 1562 1589 1823 2337 2348 2413 2453 2474 2599 2641 2661 2735 2786 3044 3090 3257 3270 3383 3408 3468 3472 3551 3706 3894 4025 4036 4155 4188 4205 4331 4467 4670 4704 4820 4866 4909 4945 4994 5186 5250 5263 5287 5314 5345 5461 5732 5828 5997 6108 6187 6261 6285 6311 6341 6415 6533 6592 6809 6831 6834 6935 7026 7124 7263 7285 7311 7500 7654 7738 7876 7999 8179 8197 8254 8308 8323 8492 8533 8617 8871 9011 9018 9048 9075 9393 9543 9589 9639 9669 9870 10281 10735 10768 15726 15736 15761 15810 15827 15864 15865 15878 15884 15898 15909 15916 15932 15941 15942 15975 15978 15994 15999 16000 16001 16028 16039 16052 16065 16069 16074 16075 16089 16097 16113 16124 16129 16135 16156 16169 16176 16177 16199 16204 16212 16213 16221 16227 16238 16241 16251 16252 16259 16279 16291 16304 16307 16313 16321 16337 16338 16345 16350 16352 16361 16396 16397 16405 16414 16418 16434 16435 16445 16448 16463 16464 16471 16484 16489 16509 16521 16530 16536 16539 16546 16547 16553 16559 16574 16596 16606 16607 16615 16618 16623 16639 16653 16654 16670 16675 16688 16695 16712 16718 16723 16766 16794 20523 
	}
	weather={
		period={
			between={ 0.0 14.2 }
			temperature={ -10.0 35.0 }
			no_phenomenon=1.500
			rain_light=0.250
			rain_heavy=0.100
			snow=0.000
			blizzard=0.000
			arctic_water=0.000
			mud=0.000
			sandstorm=0.000
			min_snow_level=0.000
		}
	}
}
