
strategic_region={
	id=234
	name="STRATEGICREGION_234"
	provinces={
		38 242 294 382 443 556 610 630 642 727 828 897 1066 1087 1105 1249 1308 1341 1441 1460 1551 1557 1640 1721 1834 1954 2041 2062 2275 2322 2332 2441 2600 2619 2901 3250 3497 3686 3691 3746 3783 3967 3990 4462 4464 4702 4790 4922 5006 5049 5332 5335 5406 5431 5481 5536 5545 5550 5573 5692 5706 5721 5738 5879 5960 5970 5999 6201 6303 6339 6453 6667 6888 6917 7148 7176 7300 7322 7399 7547 7563 7632 7865 7869 7934 8039 8130 8154 8204 8215 8396 8454 8473 8703 8725 8953 8969 8995 9108 9415 9419 9479 9485 9534 9626 9724 9802 9857 10046 10057 10068 10185 10238 10240 10411 10575 10585 10610 10671 10769 13587 13600 13630 13648 13680 13703 13725 13749 13783 13784 13830 13845 13864 13879 13895 13904 13909 13916 13933 13934 13955 13956 13970 13986 14005 14030 14039 14077 14079 14085 14102 14116 14165 14191 14196 14224 14225 14235 14269 14282 14292 14296 14305 14306 14312 14316 14328 14338 14353 14365 14375 14377 14407 14429 14436 14446 14447 14461 14467 14500 14518 14526 14542 14543 14564 14583 14585 14593 14609 14610 14611 14634 14663 14671 14719 14776 14777 14783 14795 14817 14856 14863 14943 15017 20810 
	}
	weather={
		period={
			between={ 0.0 14.2 }
			temperature={ -10.0 35.0 }
			no_phenomenon=1.500
			rain_light=0.250
			rain_heavy=0.100
			snow=0.000
			blizzard=0.000
			arctic_water=0.000
			mud=0.000
			sandstorm=0.000
			min_snow_level=0.000
		}
	}
}
