
strategic_region={
	id=235
	name="STRATEGICREGION_235"
	provinces={
		136 178 226 345 361 365 499 631 687 791 884 1058 1153 1155 1263 1305 1368 1560 2021 2427 2734 3063 3476 3536 3595 3672 3879 3951 4043 4046 4111 4187 4630 4880 5081 5145 5239 5664 5711 5740 5908 5932 6389 6412 6517 6637 6671 6688 6920 6995 7033 7146 7302 7305 7339 7377 7702 7819 7930 8006 8099 8287 8302 8465 8536 8723 9244 9382 9797 9841 9894 9956 9965 10021 10082 10433 10436 10439 10633 16408 16439 16472 16501 16506 16610 16656 16664 16714 16747 16748 16754 16763 16811 16836 16858 16869 16885 16901 16926 16931 16950 16963 16964 16993 17001 17002 17046 17060 17076 17089 17170 17186 17200 17225 17240 17270 17291 17312 17320 17343 17359 17368 17404 17454 17505 17518 17549 17562 17581 17582 17646 17712 17757 17779 17815 17871 17967 18018 18046 18094 18162 18207 18263 18298 18330 18352 
	}
	weather={
		period={
			between={ 0.0 14.2 }
			temperature={ -10.0 35.0 }
			no_phenomenon=1.500
			rain_light=0.250
			rain_heavy=0.100
			snow=0.000
			blizzard=0.000
			arctic_water=0.000
			mud=0.000
			sandstorm=0.000
			min_snow_level=0.000
		}
	}
}
