
strategic_region={
	id=237
	name="STRATEGICREGION_237"
	provinces={
		7 152 356 371 484 645 714 771 792 824 847 945 1049 1433 1466 1536 1802 2124 2284 2465 2577 2582 2791 2817 2859 2934 2971 3003 3083 3242 3322 3419 3495 3507 3649 3678 3779 3849 3930 4039 4193 4282 4293 4527 4732 4913 4956 5136 5155 5178 5298 5467 5502 5524 5814 5898 6051 6123 6136 6214 6294 6302 6417 6522 6690 6691 6710 6726 6741 6812 6897 7043 7170 7317 7356 7366 7431 7503 7669 7692 7807 7844 7875 7932 8063 8137 8144 8146 8148 8190 8203 8242 8267 8386 8425 8534 8620 8647 8856 8901 8919 8976 9000 9163 9229 9341 9351 9455 9503 9696 9856 9972 10054 10330 10355 10498 10670 10702 13568 13579 13590 13611 13616 13665 13673 13691 13708 13727 13730 13740 13750 13771 13779 13787 13788 13789 13800 13807 13844 13875 13892 13897 13919 13939 13943 13944 13950 13972 13973 13988 13992 13998 14012 14016 14019 14027 14048 14060 14061 14066 14067 14078 14087 14088 14089 14094 14121 14130 14136 14137 14156 14157 14158 14180 14207 14213 14229 14230 14238 14250 14262 14263 14264 14276 14287 14288 14300 14301 14314 14319 14331 14332 14334 14340 14347 14368 14380 14387 14396 14397 14423 14424 14431 14438 14439 14469 14476 14485 14490 14506 14507 14529 14530 14544 14554 14555 14579 14589 14595 14602 14615 14623 14626 14651 14689 14716 14763 14787 14838 14881 14899 14910 14923 15020 15064 15112 15113 15156 15200 
	}
	weather={
		period={
			between={ 0.0 14.2 }
			temperature={ -10.0 35.0 }
			no_phenomenon=1.500
			rain_light=0.250
			rain_heavy=0.100
			snow=0.000
			blizzard=0.000
			arctic_water=0.000
			mud=0.000
			sandstorm=0.000
			min_snow_level=0.000
		}
	}
}
