
strategic_region={
	id=238
	name="STRATEGICREGION_238"
	provinces={
		39 349 351 466 480 502 564 619 804 1018 1265 1386 1437 1501 1663 1755 1977 2077 2126 2233 2263 2371 2491 2777 3138 3169 3196 3296 3609 3651 3741 3748 3772 3883 4042 4058 4061 4194 4195 4368 4411 4535 4538 4808 4822 4859 4864 4929 4948 4985 5098 5200 5390 5447 5574 6000 6347 6441 6487 6501 6759 6823 6853 7333 7481 7514 7604 7607 7634 7779 7810 7846 7941 8108 8115 8209 8329 8447 8469 8497 8672 8687 8950 8963 9023 9094 9122 9218 9294 9521 9636 9675 9744 10077 10137 10164 10256 10328 10332 10490 10524 10646 10655 10720 15098 15170 15286 15292 15348 15402 15484 15491 15520 15533 15534 15552 15553 15571 15576 15577 15584 15589 15597 15598 15607 15624 15628 15638 15639 15658 15659 15660 15661 15677 15695 15696 15710 15714 15715 15727 15739 15755 15764 15765 15772 15793 15814 15831 15837 15840 15849 15850 15855 15873 15880 15886 15895 15903 15904 15905 15910 15922 15946 15954 15958 15968 15969 15985 15989 16003 16015 16016 16019 16025 16026 16030 16042 16057 16066 16083 16084 16099 16105 16116 16126 16136 16140 16152 16162 16163 16171 16172 16178 16195 16215 16216 16223 16232 16242 16254 16264 16265 16271 16280 16318 16326 16327 16331 16364 16365 16379 16380 16393 16412 16426 16449 16469 16523 16541 16567 16587 16591 16644 
	}
	weather={
		period={
			between={ 0.0 14.2 }
			temperature={ -10.0 35.0 }
			no_phenomenon=1.500
			rain_light=0.250
			rain_heavy=0.100
			snow=0.000
			blizzard=0.000
			arctic_water=0.000
			mud=0.000
			sandstorm=0.000
			min_snow_level=0.000
		}
	}
}
