
strategic_region={
	id=24
	name="STRATEGICREGION_24"
	provinces={
		119 193 319 747 803 1085 1261 1331 1709 1720 1904 1969 1985 2180 2326 2404 2443 2730 2790 3076 3130 3318 3354 3470 3570 3697 3781 3832 4171 4281 4304 4312 4358 4534 4592 4751 4946 5029 5132 5227 5322 5542 5544 5679 5793 6019 6109 6284 6330 6653 6695 6838 6903 6929 7219 7495 7612 7629 7725 7827 7828 7871 8062 8067 8285 8324 8334 8413 8418 8466 8581 8635 8685 8942 9063 9264 9320 9490 9773 9872 10194 10461 10512 10554 10626 12864 12895 12925 12944 12950 12959 12982 12996 13011 13026 13027 13041 13059 13077 13086 13093 13107 13110 13111 13114 13122 13126 13130 13132 13133 13139 13149 13155 13161 13162 13165 13171 13176 13189 13190 13198 13204 13205 13206 13215 13216 13219 13220 13221 13223 13225 13226 13231 13235 13246 13259 13271 13272 13281 13286 13287 13296 13297 13300 13303 13308 13309 13310 13327 13338 13342 13347 13352 13364 13385 13391 13403 13443 13448 13452 13472 13496 
	}
	weather={
		period={
			between={ 0.0 14.2 }
			temperature={ -10.0 35.0 }
			no_phenomenon=1.500
			rain_light=0.250
			rain_heavy=0.100
			snow=0.000
			blizzard=0.000
			arctic_water=0.000
			mud=0.000
			sandstorm=0.000
			min_snow_level=0.000
		}
	}
}
