
strategic_region={
	id=25
	name="STRATEGICREGION_25"
	provinces={
		82 131 156 164 242 269 300 367 375 402 463 489 521 534 549 632 673 751 796 816 823 861 888 893 996 1071 1083 1140 1144 1153 1176 1200 1224 1282 1296 1307 1416 1437 1475 1599 1636 1660 1746 1780 1795 1862 1866 1895 1934 1940 1945 1958 1999 2002 2066 2118 2123 2216 2226 2246 2271 2295 2297 2373 2398 2482 2542 2558 2571 2624 2648 2665 2679 2703 2708 2717 2730 2736 2754 2841 2894 2979 2982 2998 3129 3159 3169 3263 3272 3274 3295 3311 3312 3346 3350 3389 3402 3408 3423 3499 3504 3506 3508 3529 3557 3604 3652 3727 3791 3804 3817 3881 3984 4017 4041 4051 4065 4078 4198 4222 4236 4237 4305 4316 4439 4514 4524 4556 4559 4565 4578 4586 4645 4661 4677 4681 4687 4689 4748 4850 4862 4907 4923 5052 5070 5088 5111 5115 5154 5195 5232 5237 5281 5305 5329 5359 5422 5434 5487 5507 5637 5643 5657 5667 5744 5774 5776 5784 5859 5873 5916 6049 6055 6196 6227 6251 6273 6276 6307 6358 6439 6447 6449 6495 6500 6563 6579 6581 6587 6603 6632 6705 6730 6771 6795 6803 6834 6902 6919 6961 6965 7062 7106 7118 7127 7161 7227 7360 7379 7401 7417 7446 7512 7575 7581 7584 7607 7612 7618 7632 7648 7651 7720 7721 7757 7762 7770 7790 7793 7796 7864 7876 7923 7926 7971 8071 8106 8113 8126 8150 8158 8224 8279 8404 8420 8436 8446 8467 8487 8512 8590 8642 8676 8677 8726 8730 8845 8908 8909 8910 8952 8964 8982 9009 9034 9064 9067 9078 9085 9100 9202 9291 9314 9346 9375 9377 9405 9418 9438 9490 9494 9535 9539 9554 9561 9628 9636 9641 9643 9682 9684 9703 9780 9806 9817 9882 10047 10090 10095 10119 10227 10229 10245 10251 10293 10337 10352 10420 10427 10431 10450 10536 10557 10569 10603 10671 10847 10891 10902 10991 11030 11082 11092 11135 11137 11138 11141 11143 11144 11145 11146 11150 11151 11154 11156 11158 11159 11161 11164 11166 11168 11169 11170 11171 11172 11173 11175 11176 11179 11180 11181 11182 11184 11192 11194 11195 11196 11197 11198 11199 11200 11201 11202 11208 11211 11214 11215 11218 11222 11224 11228 11229 11230 11236 11240 11245 11249 11254 11255 11258 11259 11260 11263 11264 11265 11271 11273 11276 11280 11281 11285 11291 11293 11294 11296 11302 11303 11304 11307 11312 11314 11319 11321 11322 11324 11326 11327 11328 11329 11334 11335 11336 11339 11340 11344 11345 11347 11348 11351 11356 11357 11361 11362 11363 11364 11366 11370 11375 11376 11377 11380 11383 11385 11387 11388 11389 11390 11394 11396 11397 11399 11400 11401 11402 11403 11406 11407 11410 11411 11413 11415 11416 11427 11428 11429 11433 11434 11436 11437 11445 11448 11450 11452 11460 11461 11463 11466 11467 11470 11472 11478 11479 11481 11484 11485 11491 11498 11516 11518 11525 11526 11527 11529 11536 11547 11550 11554 11557 11558 11559 11560 11563 11572 11573 11580 11604 11608 11615 11620 11623 11631 11634 11637 11650 11653 11658 11671 11680 11686 11699 11701 11715 11723 11724 11730 11731 11750 11756 11757 11759 11769 11785 11793 11798 11811 11832 11855 11860 11864 11876 11894 11900 11917 11920 11932 18922 18923 
	}
	weather={
	}
}
