
strategic_region={
	id=26
	name="STRATEGICREGION_26"
	provinces={
		4 72 96 118 140 145 150 179 205 206 215 244 308 335 341 342 393 399 488 539 548 558 599 600 623 636 651 671 743 783 798 799 855 863 872 873 878 892 922 929 956 970 971 1072 1087 1093 1099 1181 1252 1274 1293 1316 1324 1351 1362 1371 1379 1383 1384 1412 1426 1500 1548 1550 1571 1582 1584 1631 1643 1644 1651 1665 1716 1757 1865 1884 1906 1913 1970 1974 1998 2009 2049 2113 2121 2161 2168 2173 2200 2276 2304 2306 2339 2401 2441 2481 2541 2547 2636 2687 2706 2715 2738 2783 2801 2852 2959 2981 2984 3040 3166 3203 3206 3259 3329 3333 3334 3353 3365 3378 3380 3429 3487 3491 3516 3554 3564 3597 3703 3747 3773 3819 3850 3917 3934 3949 3965 4034 4035 4066 4088 4111 4142 4209 4238 4298 4332 4376 4379 4408 4432 4468 4516 4534 4535 4583 4637 4669 4670 4722 4751 4781 4793 4829 4836 4839 4951 4984 4999 5015 5017 5044 5060 5095 5127 5142 5193 5199 5212 5254 5394 5409 5418 5478 5511 5539 5600 5666 5746 5770 5772 5782 5807 5828 5841 5866 5876 5877 5902 5914 5932 6071 6109 6179 6182 6209 6222 6289 6434 6572 6653 6697 6716 6735 6743 6770 6773 6775 6780 6783 6791 6797 6870 6904 6924 6957 6980 6984 7046 7131 7213 7251 7255 7261 7284 7300 7325 7336 7399 7465 7482 7489 7517 7544 7545 7639 7686 7689 7792 7822 7834 7854 7857 7871 7931 7951 7978 8004 8044 8054 8164 8185 8189 8205 8222 8229 8280 8286 8307 8315 8323 8386 8394 8497 8508 8543 8544 8570 8625 8681 8743 8766 8788 8825 8839 8927 9036 9060 9096 9107 9122 9139 9188 9209 9324 9327 9344 9381 9473 9509 9549 9560 9611 9678 9702 9710 9715 9755 9800 9851 9863 9874 9883 9888 9940 9945 10015 10062 10073 10112 10113 10117 10124 10173 10182 10190 10218 10232 10288 10341 10351 10366 10435 10443 10506 10523 10533 10559 10639 10663 10681 10736 10770 10785 10809 10856 10862 10926 10955 10957 11069 11111 11129 11566 11588 11609 11630 11635 11646 11654 11664 11672 11687 11688 11700 11702 11716 11717 11735 11745 11751 11752 11762 11763 11767 11776 11778 11779 11782 11783 11786 11791 11795 11797 11802 11803 11807 11809 11810 11812 11826 11827 11831 11838 11842 11845 11846 11851 11853 11854 11857 11858 11862 11871 11872 11878 11880 11881 11882 11888 11891 11899 11903 11907 11909 11910 11911 11918 11922 11923 11924 11928 11929 11930 11941 11942 11948 11949 11963 11970 11971 11974 11981 11988 11991 11996 12002 12003 12006 12008 12010 12012 12013 12017 12021 12024 12025 12034 12038 12039 12042 12043 12047 12051 12052 12053 12054 12057 12059 12062 12065 12069 12082 12086 12087 12089 12090 12099 12102 12106 12107 12108 12116 12118 12119 12137 12151 12155 12166 12169 12194 12198 12200 12201 12204 12205 12215 12232 12233 12239 12240 12245 12246 12249 12254 12260 12261 12273 12274 12276 12277 12285 12286 12297 12302 12309 12310 12311 12312 12325 12350 12351 12355 12363 12369 12374 12377 12384 12420 12424 12429 12430 12435 12437 12438 12453 12466 12467 12469 12470 12477 12486 12491 12517 12520 12521 12534 12540 12541 12547 12557 12561 12563 12567 12569 12573 12590 12595 12614 12615 12616 12620 12628 12644 12646 12657 12670 12674 12683 12712 12713 12714 12729 18927 18930 
	}
	weather={
	}
}
