
strategic_region={
	id=3
	name="STRATEGICREGION_3"
	provinces={
		6 36 45 51 59 95 123 144 236 297 378 394 406 474 581 604 660 663 692 728 782 814 897 901 969 987 1053 1075 1187 1191 1196 1291 1297 1343 1385 1453 1481 1513 1605 1664 1668 1682 1689 1714 1726 1778 1779 1809 1859 1944 1980 1987 1988 1992 2079 2107 2134 2151 2175 2248 2258 2279 2292 2300 2372 2468 2488 2523 2601 2606 2649 2702 2747 2886 2957 2995 3118 3147 3228 3287 3400 3407 3458 3468 3519 3527 3531 3562 3579 3591 3606 3612 3624 3681 3697 3708 3725 3726 3780 3824 3841 3847 3877 3900 3914 3929 3977 3985 4063 4070 4164 4189 4202 4213 4254 4267 4288 4306 4411 4417 4419 4430 4502 4503 4600 4618 4640 4853 4865 4879 4983 5081 5119 5138 5206 5295 5313 5341 5342 5360 5431 5480 5702 5789 5800 5910 5913 6006 6032 6056 6070 6083 6113 6171 6192 6233 6252 6297 6301 6310 6321 6322 6483 6486 6516 6521 6539 6599 6624 6637 6721 6736 6789 6824 6840 6915 6922 6927 6960 7024 7067 7073 7082 7085 7107 7125 7138 7301 7351 7354 7397 7405 7481 7490 7586 7609 7712 7735 7738 7749 7755 7862 7887 7888 7919 7937 7941 8060 8109 8152 8313 8329 8343 8354 8368 8371 8405 8419 8425 8444 8450 8453 8464 8538 8551 8564 8572 8602 8617 8719 8824 8831 8841 8955 8957 8977 9006 9023 9035 9055 9099 9169 9173 9189 9216 9277 9351 9408 9420 9433 9443 9469 9475 9478 9599 9605 9627 9654 9726 9751 9790 9811 9812 9848 9895 9968 10001 10002 10019 10036 10092 10121 10156 10192 10204 10207 10246 10258 10272 10305 10310 10320 10333 10360 10400 10458 10470 10492 10500 10574 10582 10607 10613 10616 10646 10666 10680 10774 10854 10907 10928 10966 11073 11094 11114 11124 13167 13270 13274 13281 13321 13325 13332 13339 13365 13378 13390 13405 13418 13423 13436 13447 13458 13486 13489 13490 13515 13521 13529 13530 13531 13533 13534 13538 13543 13553 13558 13575 13579 13590 13597 13598 13612 13613 13628 13629 13651 13672 13676 13688 13689 13700 13705 13706 13723 13724 13729 13730 13731 13740 13744 13745 13764 13770 13785 13786 13798 13799 13809 13814 13826 13827 13828 13841 13845 13863 13875 13876 13879 13880 13898 13904 13934 13942 13949 13951 13981 13986 13990 13991 13992 13993 14012 14040 14061 14062 14067 14071 14089 14094 14095 14098 14103 14110 14111 14122 14123 14127 14130 14131 14132 14147 14158 14169 14173 14187 14195 14200 14208 14209 14210 14222 14223 14227 14232 14245 14246 14247 14258 14265 14274 14275 14285 14295 14296 14303 14304 14317 14318 14319 14325 14328 14337 14353 14357 14360 14361 14362 14371 14372 14373 14385 14390 14395 14418 14422 14432 14441 14445 14454 14470 14495 14502 14511 14519 14520 14524 14534 14535 14541 14544 14564 14576 14583 14587 14592 14594 14595 14611 14623 14629 14630 14635 14659 14660 14684 14690 14691 14712 14721 14736 14762 14767 14791 14837 14846 14847 14850 14897 
	}
	weather={
	}
}
