
strategic_region={
	id=32
	name="STRATEGICREGION_32"
	provinces={
		5 8 37 64 70 91 97 100 108 112 153 162 180 184 226 235 305 334 347 388 404 416 431 450 454 458 492 508 513 519 520 523 595 628 646 648 680 707 712 720 733 752 767 774 775 792 808 819 856 868 895 931 949 997 1005 1013 1149 1157 1168 1170 1171 1175 1192 1222 1237 1244 1251 1253 1290 1355 1359 1409 1423 1461 1495 1539 1540 1554 1576 1581 1601 1608 1635 1642 1657 1676 1678 1683 1690 1700 1705 1706 1713 1715 1740 1776 1793 1796 1806 1816 1836 1843 1850 1860 1863 1878 1879 1908 1911 1925 1929 1947 1949 1951 1953 2022 2033 2094 2098 2100 2116 2133 2137 2171 2183 2187 2211 2224 2254 2255 2286 2344 2345 2347 2348 2354 2368 2369 2370 2375 2391 2402 2406 2419 2443 2485 2510 2524 2531 2580 2586 2589 2590 2607 2635 2650 2657 2664 2690 2719 2734 2737 2741 2746 2761 2765 2767 2806 2834 2855 2857 2881 2918 2939 3016 3032 3048 3083 3089 3090 3134 3144 3153 3195 3213 3232 3245 3251 3266 3270 3282 3307 3384 3391 3410 3419 3426 3431 3438 3439 3514 3528 3542 3553 3555 3628 3669 3678 3693 3699 3713 3723 3769 3774 3790 3805 3815 3839 3858 3864 3875 3887 3910 3933 3941 3959 3962 3986 3990 4003 4043 4047 4091 4095 4161 4241 4245 4255 4265 4277 4292 4296 4326 4346 4359 4361 4365 4370 4393 4399 4406 4414 4449 4451 4469 4476 4478 4531 4567 4568 4576 4605 4612 4635 4671 4672 4682 4704 4737 4770 4771 4773 4800 4804 4805 4819 4828 4831 4835 4852 4887 4892 4899 4909 4917 4926 4929 4942 4948 4949 4966 4967 5018 5031 5061 5100 5122 5125 5156 5177 5197 5230 5240 5312 5343 5348 5382 5401 5404 5461 5471 5517 5534 5538 5575 5579 5644 5672 5704 5726 5736 5741 5752 5781 5783 5801 5840 5857 5874 5895 5899 5912 5925 5935 5967 5981 5983 5991 6007 6061 6104 6180 6197 6203 6228 6241 6275 6277 6283 6291 6292 6315 6369 6375 6387 6401 6414 6416 6454 6457 6460 6462 6475 6520 6536 6541 6542 6570 6573 6575 6655 6660 6668 6670 6672 6738 6745 6750 6790 6796 6816 6822 6827 6829 6839 6845 6848 6862 6884 6905 6941 6948 6972 7034 7040 7056 7072 7105 7112 7121 7147 7157 7176 7184 7195 7199 7200 7209 7248 7268 7297 7299 7357 7368 7370 7376 7394 7415 7418 7429 7432 7456 7475 7478 7500 7519 7551 7559 7568 7625 7647 7669 7678 7679 7711 7723 7733 7750 7804 7825 7829 7851 7867 7873 7895 7938 7962 7974 7982 8016 8065 8091 8092 8115 8199 8264 8291 8295 8297 8302 8341 8389 8421 8434 8440 8456 8511 8515 8523 8582 8599 8634 8635 8637 8646 8656 8658 8693 8741 8770 8798 8816 8821 8838 8852 8866 8934 8997 9014 9061 9083 9119 9136 9177 9179 9192 9196 9225 9241 9273 9284 9299 9306 9337 9356 9371 9400 9406 9441 9461 9511 9525 9553 9556 9570 9580 9583 9595 9603 9606 9609 9623 9626 9634 9650 9657 9696 9740 9785 9794 9829 9843 9847 9889 9903 9905 9911 9941 9952 9957 10006 10016 10032 10086 10091 10189 10203 10235 10237 10259 10273 10279 10375 10383 10392 10399 10418 10429 10462 10475 10482 10501 10513 10529 10586 10591 10596 10621 10643 10652 10658 10668 10670 10674 10676 10679 10687 10702 10722 10725 10739 10751 10788 10812 10813 10820 10823 10869 10871 10878 10923 10946 10963 10977 11032 11061 11062 11076 11087 11090 11098 11118 12800 12830 12861 12887 12910 12922 12941 12958 12971 12997 13005 13013 13014 13045 13050 13051 13056 13079 13107 13113 13118 13133 13134 13138 13159 13168 13182 13204 13218 13224 13231 13232 13243 13258 13262 13266 13298 13303 13360 13374 13383 13412 13420 13444 13461 13462 13463 13480 13506 13517 13527 13552 13560 13561 13586 13587 13588 13604 13611 13640 13655 13664 13669 13674 13679 13684 13703 13710 13711 13716 13722 13747 13781 13782 13783 13806 13807 13824 13833 13843 13849 13920 13931 13932 13941 13963 13971 13979 13997 14011 14016 14020 14031 14037 14047 14065 14069 14083 14087 14093 14097 14101 14120 14126 14145 14146 14150 14151 14162 14163 14172 14177 14178 14186 14191 14199 14203 14213 14219 14220 14253 14254 14264 14271 14284 14290 14294 14300 14301 14316 14327 14336 14347 14350 14367 14368 14369 14381 14393 14397 14404 14407 14408 14413 14425 14426 14434 14435 14440 14447 14452 14458 14477 14485 14486 14487 14494 14499 14500 14506 14513 14517 14518 14530 14539 14553 14560 14561 14571 14573 14591 14605 14610 14617 14624 14625 14626 14638 14658 14664 14670 14679 14688 14696 14701 14704 14711 14717 14718 14724 14734 14746 14760 14761 14766 14774 14780 14790 14799 14800 14804 14808 14825 14826 14834 14835 14845 14849 14852 14858 14860 14870 14889 14893 14907 14910 14911 14921 14926 14931 14937 14938 14943 14948 14965 14966 14972 14976 14980 14981 14982 14986 14992 15004 15007 15010 15011 15025 15041 15042 15049 15056 15064 15073 15082 15089 15091 15099 15107 15123 15135 15138 15139 15144 15154 15186 15187 15192 15204 15211 15214 15236 15245 15255 15261 15269 15301 15308 15318 15323 15349 15361 15377 15386 15424 15444 15465 15485 15672 18915 18940 18945 18946 
	}
	weather={
	}
}
