
strategic_region={
	id=33
	name="STRATEGICREGION_33"
	provinces={
		23 94 125 441 571 574 672 763 809 844 846 858 864 1027 1034 1048 1320 1323 1348 1489 1497 1520 1565 1662 1711 1732 1733 1759 1917 2128 2234 2262 2307 2315 2342 2363 2469 2473 2572 2574 2639 2724 2731 2827 2842 2846 2896 2919 2922 2925 2971 3080 3104 3216 3501 3530 3641 3656 3860 3873 3915 3939 4053 4074 4082 4147 4165 4294 4351 4352 4369 4413 4527 4589 4636 4642 4651 4896 4953 5041 5105 5113 5224 5246 5296 5307 5319 5358 5390 5514 5614 5624 5668 5701 5767 5812 5927 6172 6323 6396 6399 6480 6502 6529 6615 6658 6669 6685 6784 6807 7092 7116 7124 7152 7159 7166 7217 7232 7364 7375 7445 7474 7515 7565 7642 7672 7795 7847 7881 8037 8144 8236 8249 8284 8293 8349 8448 8484 8632 8903 9103 9249 9309 9391 9414 9427 9447 9515 9578 9665 9738 9775 9788 9802 9904 9933 9998 10017 10063 10070 10105 10157 10269 10314 10329 10494 10545 10653 10721 10755 10807 10833 10838 10949 11074 12677 12693 12726 12727 12730 12731 12741 12744 12745 12759 12764 12765 12773 12780 12781 12812 12814 12815 12826 12829 12832 12840 12846 12857 12870 12875 12883 12886 12891 12892 12897 12905 12906 12909 12918 12929 12939 12940 12970 12976 12978 12983 12989 12996 13008 13009 13016 13023 13026 13027 13049 13054 13065 13078 13083 13088 13089 13095 13101 13105 13117 13137 13150 13151 13154 13158 13202 13203 13208 13223 13230 13242 13261 13276 13284 13297 13309 13330 13359 13367 13370 13380 13386 13411 13487 18938 
	}
	weather={
	}
}
