
strategic_region={
	id=34
	name="STRATEGICREGION_34"
	provinces={
		19 44 50 56 103 142 248 259 286 294 298 310 320 372 376 391 424 434 472 476 505 541 559 601 645 657 666 687 693 714 739 793 811 865 919 954 962 1105 1182 1213 1283 1327 1380 1387 1465 1486 1551 1566 1577 1595 1600 1618 1659 1724 1728 1743 1767 1818 1825 1827 1829 1930 1975 2074 2076 2111 2139 2223 2231 2239 2257 2294 2301 2325 2329 2407 2424 2453 2498 2529 2598 2686 2698 2735 2784 2812 2843 2865 2874 2944 2949 2958 2960 2961 2994 3009 3018 3029 3099 3167 3184 3231 3268 3289 3302 3341 3344 3398 3440 3448 3450 3466 3479 3507 3533 3626 3649 3721 3762 3767 3783 3784 3821 3827 3842 3852 3893 3905 3925 3943 4050 4114 4140 4170 4185 4234 4240 4309 4321 4331 4341 4372 4383 4470 4501 4509 4525 4590 4614 4721 4755 4769 4776 4786 4799 4823 4827 4905 4980 4981 5045 5073 5133 5226 5280 5293 5324 5325 5353 5364 5388 5412 5473 5513 5532 5554 5570 5598 5698 5766 5820 5830 5846 5860 5901 5923 5945 5957 5975 6011 6046 6052 6078 6116 6154 6155 6170 6175 6177 6189 6243 6266 6362 6386 6391 6405 6413 6420 6465 6466 6485 6487 6510 6552 6565 6643 6665 6695 6700 6704 6741 6837 6876 7023 7035 7103 7132 7165 7185 7215 7259 7281 7290 7293 7321 7416 7426 7480 7502 7508 7533 7599 7657 7743 7843 7861 7870 7939 7940 7947 7959 7968 7992 8035 8040 8096 8098 8116 8257 8270 8290 8327 8374 8378 8426 8442 8460 8468 8474 8510 8542 8579 8588 8616 8653 8661 8757 8777 8778 8780 8837 8846 8848 8858 8945 8960 8963 9017 9073 9115 9205 9239 9243 9248 9274 9320 9325 9407 9530 9536 9543 9546 9558 9607 9610 9659 9725 9823 9826 9865 9890 9951 9954 9959 9989 10012 10067 10072 10079 10148 10160 10253 10271 10315 10323 10362 10371 10394 10407 10473 10478 10564 10590 10592 10704 10711 10720 10799 10832 10850 10864 10881 10947 10948 10953 11104 13253 13328 13376 13429 13469 13479 13514 13539 13547 13548 13555 13603 13608 13622 13659 13685 13686 13742 13746 13760 13768 13769 13776 13793 13805 13842 13869 13900 13906 13907 13916 13919 13929 13930 13946 13956 13957 13962 13967 13970 14015 14044 14045 14046 14051 14076 14077 14082 14086 14096 14125 14136 14144 14156 14161 14166 14167 14194 14212 14218 14225 14263 14270 14283 14293 14307 14315 14324 14355 14356 14380 14384 14392 14396 14403 14416 14417 14431 14437 14438 14439 14451 14476 14482 14493 14515 14516 14538 14543 14551 14552 14558 14603 14604 14619 14642 14655 14656 14657 14666 14682 14709 14710 14715 14716 14728 14733 14739 14752 14764 14773 14779 14783 14784 14797 14798 14807 14813 14820 14824 14833 14842 14857 14859 14874 14880 14892 14919 14936 14942 14947 14956 14964 14970 14971 14974 14985 15002 15003 15006 15014 15019 15024 15033 15034 15035 15048 15055 15063 15081 15088 15090 15095 15122 15127 15129 15134 15142 15143 15149 15150 15165 15177 15181 15191 15195 15196 15202 15203 15206 15218 15231 15252 15268 15272 15277 15289 15297 15300 15307 15312 15322 15326 15330 15354 15366 15368 15369 15381 15398 15423 15433 15434 15443 15505 15520 15569 15578 18919 18939 18942 18948 
	}
	weather={
	}
}
