
strategic_region={
	id=35
	name="STRATEGICREGION_35"
	provinces={
		26 42 77 101 132 160 163 172 175 177 190 196 211 265 283 293 344 356 359 382 478 479 480 498 535 537 553 567 590 608 617 626 649 667 674 697 699 710 723 744 750 778 802 944 978 993 995 1009 1039 1070 1088 1101 1117 1135 1167 1243 1263 1330 1378 1402 1434 1456 1559 1561 1623 1633 1771 1772 1808 1819 1838 1845 1856 1893 1921 1946 1955 1969 2019 2029 2081 2082 2092 2124 2127 2142 2159 2249 2289 2312 2318 2323 2380 2400 2409 2483 2533 2578 2654 2676 2700 2722 2759 2770 2781 2788 2883 2927 2941 2954 2990 2993 3005 3052 3060 3065 3074 3081 3092 3109 3136 3139 3161 3174 3180 3221 3225 3237 3285 3323 3385 3395 3437 3471 3497 3505 3522 3523 3538 3581 3586 3599 3616 3636 3642 3686 3701 3734 3741 3807 3832 3833 3834 3854 3870 3883 3936 3983 3988 4067 4075 4094 4101 4113 4136 4179 4218 4220 4264 4287 4394 4405 4416 4429 4434 4441 4480 4494 4532 4557 4609 4610 4631 4692 4715 4740 4750 4759 4809 4832 4834 4840 4864 4872 4883 4921 4933 4950 4997 5014 5027 5028 5065 5072 5091 5114 5123 5126 5132 5157 5163 5192 5194 5200 5217 5264 5279 5290 5310 5332 5344 5345 5381 5414 5423 5475 5489 5553 5596 5597 5625 5705 5715 5737 5753 5757 5760 5837 5845 5900 5904 5906 5907 5930 5941 5970 6021 6035 6065 6069 6084 6094 6279 6288 6305 6342 6348 6351 6364 6473 6490 6513 6545 6548 6560 6584 6613 6680 6701 6715 6851 6900 6946 6973 6988 7006 7033 7052 7055 7087 7160 7180 7187 7206 7223 7229 7253 7258 7271 7291 7304 7320 7330 7348 7422 7454 7499 7518 7547 7558 7593 7652 7661 7746 7788 7794 7816 7838 7839 7877 7889 7891 7901 7961 7969 8024 8048 8087 8142 8155 8170 8210 8234 8288 8300 8344 8353 8402 8412 8433 8465 8473 8578 8587 8716 8793 8855 8886 8920 8941 8944 8950 8987 9010 9046 9052 9054 9090 9093 9105 9152 9154 9246 9282 9390 9398 9425 9431 9483 9500 9534 9587 9589 9598 9732 9760 9797 9886 9898 9955 9958 9990 10033 10048 10075 10084 10100 10111 10115 10133 10140 10195 10268 10326 10327 10353 10369 10402 10465 10573 10584 10689 10705 10716 10729 10749 10776 10851 10885 10900 10978 10988 11012 11040 11091 11095 15306 15365 15393 15407 15408 15442 15463 15473 15474 15502 15503 15504 15529 15534 15535 15559 15573 15577 15613 15637 15641 15668 15678 15688 15699 15712 15768 15797 15815 15824 15825 15832 15857 15861 15862 15869 15876 15890 15913 15944 15970 15977 15981 16007 16008 16011 16025 16046 16052 16094 16100 16108 16111 16118 16142 16143 16150 16151 16157 16163 16171 16199 16208 16220 16224 16237 16266 16287 16288 16289 16292 16319 16326 16327 16346 16355 16363 16376 16398 16402 16407 16414 16435 16465 16474 16479 16488 16515 16521 16524 16546 16559 16567 16575 16589 16611 16613 16620 16624 16646 16649 16650 16651 16663 16680 16681 16691 16695 16700 16701 16702 16706 16712 16724 16725 16740 16748 16763 16769 16778 16779 16792 16798 16806 16819 16825 16826 16828 16829 16848 16857 16874 16881 16882 16885 16890 16910 16929 16931 16932 16937 16941 16965 16972 16986 16987 16991 16997 16999 17001 17008 17027 17031 17040 17043 17046 17050 17065 17080 17081 17087 17090 17101 17104 17136 17139 17140 17155 17159 17162 17163 17165 17181 17192 17193 17194 17198 17203 17219 17224 17225 17239 17245 17246 17250 17282 17295 17306 17312 17313 17326 17338 17344 17353 17359 17368 17379 17383 17388 17407 17447 18921 
	}
	weather={
	}
}
