
strategic_region={
	id=36
	name="STRATEGICREGION_36"
	provinces={
		27 31 48 85 89 102 130 155 159 186 254 299 364 385 432 490 501 530 540 546 557 638 639 668 705 711 721 747 748 762 776 787 821 822 837 857 866 875 906 909 912 925 941 991 1023 1047 1079 1094 1102 1109 1119 1123 1128 1139 1155 1231 1242 1298 1302 1325 1350 1370 1427 1472 1480 1507 1509 1579 1596 1604 1616 1621 1666 1704 1721 1739 1900 1912 1916 1954 2004 2014 2023 2059 2071 2078 2085 2088 2122 2126 2140 2155 2194 2196 2222 2282 2313 2361 2376 2381 2451 2461 2479 2516 2532 2585 2619 2627 2644 2658 2663 2697 2699 2785 2798 2820 2899 2908 2968 2970 2976 3030 3071 3130 3183 3194 3279 3305 3325 3342 3406 3422 3502 3509 3518 3535 3547 3602 3610 3637 3671 3690 3696 3702 3755 3794 3862 3874 3885 3895 3992 4105 4149 4163 4203 4212 4323 4342 4343 4355 4373 4454 4457 4458 4465 4484 4591 4597 4598 4615 4625 4630 4678 4699 4707 4730 4745 4754 4783 4798 4927 4931 4935 5004 5023 5025 5036 5049 5055 5057 5066 5097 5161 5162 5178 5223 5227 5241 5250 5277 5286 5292 5326 5336 5369 5399 5445 5467 5482 5483 5495 5541 5617 5650 5703 5708 5719 5742 5870 5871 5934 5946 5964 5977 6029 6072 6166 6191 6198 6226 6245 6265 6270 6272 6285 6290 6333 6345 6366 6376 6407 6451 6455 6461 6540 6582 6642 6651 6666 6692 6751 6847 6867 6896 6923 6926 6938 6987 7029 7043 7163 7172 7207 7295 7310 7319 7335 7381 7389 7424 7440 7486 7492 7496 7520 7567 7597 7600 7615 7621 7622 7646 7693 7697 7742 7856 7869 7898 7902 7932 7964 7967 7981 8000 8053 8069 8131 8137 8187 8193 8194 8214 8250 8320 8477 8492 8494 8499 8502 8619 8640 8742 8749 8750 8762 8786 8795 8811 8847 8867 8897 8925 8948 8956 9000 9026 9030 9068 9070 9140 9147 9156 9171 9218 9237 9259 9260 9301 9312 9323 9339 9363 9411 9437 9446 9451 9459 9462 9486 9502 9507 9514 9528 9569 9571 9620 9651 9686 9708 9717 9844 9907 9932 9985 10025 10026 10043 10053 10059 10065 10081 10118 10127 10144 10170 10210 10257 10266 10283 10356 10368 10379 10396 10422 10436 10451 10484 10519 10566 10567 10605 10609 10696 10761 10780 10826 10894 10898 10904 10985 10996 11035 15257 15278 15284 15335 15345 15372 15429 15435 15445 15458 15466 15475 15478 15479 15506 15530 15531 15536 15543 15549 15560 15565 15566 15574 15607 15608 15633 15640 15642 15651 15657 15659 15673 15683 15692 15705 15716 15717 15721 15728 15733 15734 15738 15742 15757 15762 15763 15764 15774 15778 15781 15782 15798 15799 15800 15801 15802 15826 15827 15834 15839 15843 15845 15846 15850 15851 15858 15863 15877 15892 15895 15914 15920 15921 15928 15931 15941 15950 15957 15963 15966 15971 15978 15979 15982 15989 15990 15994 15995 16009 16012 16019 16026 16038 16039 16040 16066 16068 16074 16077 16082 16083 16086 16101 16102 16112 16125 16134 16144 16152 16153 16158 16159 16164 16165 16186 16190 16200 16201 16206 16207 16213 16225 16228 16248 16249 16252 16256 16262 16267 16270 16274 16279 16293 16299 16300 16330 16333 16339 16340 16351 16356 16357 16368 16383 16389 16391 16394 16408 16409 16415 16427 16430 16431 16436 16447 16453 16459 16461 16462 16466 16480 16496 16501 16502 16507 16512 16513 16516 16525 16538 16553 16560 16562 16574 16598 16606 16607 16614 16615 16621 16622 16632 16633 16642 16657 16658 16677 16687 16713 16719 16720 16729 16759 16774 16786 16815 16841 16894 16939 17709 
	}
	weather={
	}
}
