
strategic_region={
	id=38
	name="STRATEGICREGION_38"
	provinces={
		49 106 189 238 302 397 415 451 461 483 487 493 504 522 551 577 588 616 627 640 678 684 726 729 769 772 806 810 851 862 938 972 988 1015 1024 1031 1061 1124 1126 1201 1280 1310 1314 1356 1367 1369 1381 1436 1444 1521 1522 1534 1535 1568 1615 1625 1649 1718 1790 1828 1840 1841 1849 1868 1870 1960 1964 2020 2035 2084 2132 2146 2150 2188 2205 2240 2250 2490 2503 2518 2587 2594 2600 2689 2691 2693 2762 2791 2811 2825 2835 2884 2911 2930 2947 2977 3012 3015 3017 3073 3075 3094 3114 3189 3214 3241 3262 3265 3273 3336 3359 3382 3418 3454 3457 3461 3513 3524 3540 3568 3573 3608 3640 3684 3732 3733 3742 3743 3812 3855 3878 3884 3940 4029 4038 4045 4059 4168 4178 4293 4300 4325 4339 4380 4395 4481 4486 4526 4580 4621 4688 4705 4738 4746 4758 4890 4898 4919 4924 4934 4940 5033 5063 5093 5153 5159 5180 5243 5253 5320 5323 5351 5365 5380 5425 5444 5485 5493 5522 5609 5654 5676 5690 5731 5732 5822 5826 5833 5834 5839 6001 6058 6080 6108 6202 6205 6207 6308 6332 6347 6349 6382 6384 6398 6421 6621 6623 6626 6634 6649 6667 6707 6805 6810 6821 6844 6854 6878 6970 7012 7057 7068 7077 7084 7115 7140 7190 7203 7216 7221 7273 7280 7327 7377 7423 7451 7453 7472 7498 7550 7561 7572 7587 7603 7624 7704 7710 7734 7744 7745 7785 7798 7840 7900 7917 7943 7944 7983 7993 8005 8066 8112 8128 8154 8165 8198 8212 8218 8254 8296 8333 8340 8350 8355 8362 8403 8408 8424 8449 8454 8458 8521 8624 8629 8666 8671 8686 8728 8734 8754 8760 8784 8813 8814 8822 8861 8885 8888 8912 8923 8930 8939 9057 9089 9101 9120 9129 9132 9142 9168 9170 9215 9236 9322 9380 9388 9472 9492 9608 9621 9642 9656 9661 9689 9694 9706 9711 9753 9828 9840 9842 9845 9877 9901 9920 9926 9950 9956 9964 9971 9991 10049 10056 10071 10088 10108 10129 10142 10154 10212 10267 10278 10287 10295 10316 10359 10382 10444 10459 10477 10630 10660 10677 10694 10790 10846 10848 10880 10886 10892 10930 10942 11027 11055 11064 11066 11089 11868 11889 11904 11908 11934 11935 11959 11992 11995 12014 12018 12020 12035 12061 12063 12071 12095 12123 12140 12142 12153 12158 12175 12179 12190 12217 12226 12256 12268 12298 12315 12316 12322 12333 12341 12346 12358 12370 12380 12397 12403 12412 12413 12414 12436 12452 12455 12463 12468 12484 12494 12500 12503 12530 12538 12544 12545 12554 12586 12592 12593 12596 12597 12602 12623 12633 12641 12650 12655 12663 12681 12686 12706 12721 12723 12736 12738 12756 12760 12777 12782 12789 12790 12817 12819 12824 12848 12859 12867 12872 12873 12879 12894 12899 12911 12913 12919 12935 12936 12953 12959 12960 12968 12987 13000 13015 13017 13020 13021 13022 13046 13058 13059 13062 13063 13067 13072 13076 13085 13110 13135 13146 13147 13148 13152 13155 13174 13197 13205 13209 13220 13246 13255 13267 13273 13278 13306 13311 13318 13329 13331 13350 13362 13363 13364 13382 13387 13393 13398 13404 13410 13435 13445 13452 13467 13471 13472 13473 13477 13481 13485 13500 13508 13519 13520 13537 13557 13574 13589 13605 13619 13620 13634 13638 13641 13645 13646 13671 13675 13704 13738 13739 13749 13750 13755 13762 13763 13795 13796 13812 13813 13839 13840 13850 13856 13857 13858 13862 13874 13878 13891 13897 13908 13909 13913 13922 13933 13938 13947 13948 13950 13958 13964 13974 13980 13998 14017 14026 14027 14054 14084 14109 14129 14153 14157 14179 14221 14244 14272 14273 14342 14436 14508 18935 18936 
	}
	weather={
	}
}
