
strategic_region={
	id=39
	name="STRATEGICREGION_39"
	provinces={
		6099 12407 21 32 87 107 109 129 241 281 289 303 314 379 395 401 555 654 659 725 731 813 853 902 926 983 1019 1045 1052 1059 1095 1104 1174 1208 1229 1239 1265 1268 1328 1336 1341 1389 1438 1512 1547 1617 1637 1717 1763 1864 1972 2031 2048 2062 2072 2114 2245 2296 2337 2351 2359 2432 2436 2449 2506 2521 2557 2604 2696 2720 2864 2904 2921 3036 3087 3126 3138 3188 3239 3252 3256 3362 3375 3394 3490 3548 3551 3558 3566 3583 3593 3595 3632 3647 3672 3698 3856 3867 3876 3904 3923 3955 3956 4036 4090 4107 4131 4188 4239 4260 4318 4364 4392 4412 4445 4510 4530 4622 4626 4653 4697 4701 4718 4753 4765 4775 4777 4802 4844 4876 4925 4936 4960 4965 5005 5024 5029 5058 5079 5109 5183 5184 5196 5213 5234 5256 5271 5275 5289 5370 5468 5484 5503 5505 5509 5518 5564 5591 5621 5660 5675 5681 5730 5739 5751 5793 5808 5817 5844 5861 5867 5897 6041 6054 6092 6128 6130 6147 6168 6215 6235 6250 6254 6269 6281 6311 6330 6346 6359 6370 6408 6456 6511 6555 6562 6614 6620 6652 6725 6764 6776 6856 6864 6885 6886 6939 6949 6952 6978 6996 7003 7079 7098 7119 7141 7220 7264 7289 7326 7334 7347 7349 7373 7374 7419 7494 7505 7527 7530 7540 7588 7665 7736 7740 7763 7768 7853 7865 7899 7984 7994 8018 8020 8026 8028 8105 8134 8174 8180 8213 8258 8281 8345 8347 8365 8376 8414 8418 8427 8438 8476 8500 8519 8520 8537 8548 8580 8654 8702 8736 8739 8809 8810 8853 8905 8938 8975 8991 9008 9011 9012 9027 9029 9038 9080 9084 9088 9110 9125 9157 9212 9219 9360 9382 9415 9422 9430 9439 9453 9581 9586 9592 9617 9630 9681 9683 9720 9745 9763 9837 9849 9912 9914 9949 9963 10040 10046 10066 10094 10103 10116 10185 10193 10196 10247 10263 10312 10319 10321 10322 10349 10428 10447 10452 10454 10460 10461 10467 10490 10628 10662 10683 10744 10746 10757 10797 10803 10821 10844 10855 10860 10883 10895 10903 10935 11026 11068 11128 12060 12125 12129 12130 12148 12152 12186 12207 12212 12225 12235 12250 12257 12267 12280 12281 12287 12321 12326 12329 12332 12339 12345 12352 12353 12357 12364 12375 12386 12398 12399 12404 12405 12408 12411 12422 12426 12433 12441 12442 12446 12450 12451 12454 12462 12472 12475 12478 12479 12492 12493 12499 12504 12505 12518 12519 12522 12524 12528 12536 12537 12542 12543 12548 12553 12559 12564 12571 12574 12581 12591 12617 12618 12622 12629 12637 12638 12639 12643 12648 12668 12671 12672 12675 12678 12680 12685 12694 12695 12698 12704 12708 12711 12715 12716 12717 12722 12724 12728 12735 12737 12739 12751 12763 12766 12768 12771 12775 12776 12786 12792 12797 12801 12802 12803 12805 12807 12808 12813 12818 12822 12823 12828 12831 12833 12835 12841 12842 12843 12844 12847 12854 12858 12862 12863 12864 12871 12876 12877 12878 12885 12893 12898 12902 12924 12925 12926 12930 12949 12951 12952 12954 12955 12972 12980 12984 12994 12998 12999 13002 13019 13028 13029 13031 13032 13035 13037 13039 13040 13055 13057 13060 13070 13084 13097 13098 13121 13127 13130 13145 13162 13170 13178 13189 13196 13235 13269 13287 13302 13347 13354 13377 13384 13397 13434 13457 13466 13495 13541 13573 13596 13609 13615 13633 13650 13665 13695 13838 13888 13903 13973 14007 14033 18931 
	}
	weather={
	}
}
