
strategic_region={
	id=4
	name="STRATEGICREGION_4"
	provinces={
		12 35 38 136 168 176 201 225 267 272 295 331 343 405 509 533 542 572 579 664 670 691 719 727 730 817 836 874 880 964 976 1001 1033 1046 1058 1077 1122 1125 1138 1204 1220 1223 1232 1292 1299 1301 1352 1393 1397 1452 1569 1583 1589 1653 1673 1674 1693 1749 1756 1897 1909 1938 1965 1968 2016 2069 2172 2192 2243 2278 2291 2302 2322 2374 2378 2433 2434 2459 2476 2494 2507 2591 2656 2710 2711 2725 2756 2813 2814 2832 2837 2858 2876 2885 2902 3002 3019 3045 3055 3061 3088 3107 3204 3207 3218 3220 3226 3258 3281 3301 3320 3345 3349 3373 3374 3430 3480 3526 3580 3607 3613 3627 3705 3712 3778 3787 3798 3810 3831 3843 3853 3890 3897 3926 3970 3979 3998 4007 4018 4022 4028 4046 4056 4127 4151 4204 4215 4266 4269 4285 4303 4304 4396 4425 4448 4450 4460 4482 4491 4500 4507 4512 4542 4570 4581 4592 4601 4606 4633 4657 4708 4726 4789 4791 4821 4841 4847 4848 4849 4901 4971 4985 5000 5030 5124 5129 5140 5201 5220 5221 5248 5265 5274 5291 5294 5317 5327 5378 5413 5419 5502 5525 5540 5547 5555 5556 5610 5659 5683 5684 5685 5688 5728 5738 5740 5773 5780 5802 5809 5835 5847 5868 5883 5887 5892 5893 5909 5929 5953 6014 6045 6059 6067 6085 6142 6181 6204 6232 6249 6262 6280 6296 6331 6388 6417 6422 6431 6437 6438 6448 6546 6583 6593 6628 6631 6717 6748 6813 6814 6838 6841 6849 6860 6861 6875 6889 6907 6913 6920 7022 7025 7061 7128 7133 7171 7179 7183 7226 7228 7237 7243 7314 7341 7406 7413 7458 7459 7461 7471 7503 7534 7537 7602 7614 7649 7691 7751 7779 7789 7823 7832 7883 7909 7912 7916 7935 7990 8009 8046 8047 8055 8056 8068 8172 8206 8252 8275 8352 8534 8541 8583 8626 8630 8651 8700 8701 8723 8756 8773 8812 8820 8827 8828 8973 8983 8990 9018 9019 9037 9047 9048 9069 9131 9144 9234 9266 9278 9365 9423 9470 9488 9521 9532 9576 9584 9614 9622 9741 9758 9786 9807 9819 9838 9866 9870 9878 9899 9917 9935 9943 9965 9973 9982 10037 10042 10055 10077 10110 10143 10152 10159 10162 10172 10176 10178 10191 10206 10216 10231 10234 10249 10252 10373 10412 10426 10457 10469 10517 10522 10527 10544 10615 10620 10638 10647 10685 10691 10719 10758 10760 10806 10808 10816 10889 10906 10917 11017 11044 11054 11080 11088 11105 11107 11108 12656 12665 12682 12692 12700 12718 12748 12753 12757 12783 12787 12795 12820 12849 12850 12855 12866 12868 12882 12890 12907 12920 12927 12937 12947 12956 12963 12964 12965 12974 12975 12981 12985 13004 13006 13012 13018 13044 13047 13048 13052 13053 13064 13068 13081 13082 13087 13090 13103 13104 13108 13109 13115 13116 13128 13141 13144 13157 13171 13175 13179 13181 13188 13190 13191 13193 13199 13200 13201 13206 13207 13210 13211 13213 13221 13239 13240 13249 13254 13257 13265 13271 13283 13285 13288 13289 13294 13295 13304 13307 13308 13322 13323 13333 13334 13344 13348 13351 13355 13356 13372 13375 13379 13385 13399 13406 13407 13416 13417 13424 13437 13438 13454 13455 13460 13474 13475 13482 13494 13501 13510 13523 13524 13525 13535 13536 13545 13551 13567 13570 13571 13576 13577 13582 13591 13592 13593 13610 13614 13621 13624 13630 13639 13647 13648 13649 13652 13656 13660 13661 13667 13673 13680 13690 13691 13697 13698 13701 13708 13720 13726 13727 13734 13735 13766 13767 13774 13789 13790 13791 13800 13801 13810 13817 13818 13829 13846 13847 13848 13851 13855 13859 13892 13910 13915 13925 13936 13939 13944 13975 13976 13982 13996 13999 14002 14028 14058 14059 14073 14074 14106 14115 14116 14133 14134 14149 14165 14175 14176 14183 14206 14229 14240 14249 14299 14312 14321 14338 14349 14401 14405 14415 14427 14465 14466 14475 14480 14483 14512 14521 14528 14536 14549 14567 14579 14585 14599 14601 14615 14621 14633 14650 14665 14678 14713 14726 14771 14810 14830 14855 14868 14872 14904 14934 14940 14967 14978 14999 15085 15106 15119 15153 15168 15190 15205 15220 18937 18941 
	}
	weather={
	}
}
