
strategic_region={
	id=40
	name="STRATEGICREGION_40"
	provinces={
		58 128 152 258 304 325 365 371 373 430 464 497 511 527 562 584 633 685 701 702 713 732 801 883 915 1000 1004 1008 1030 1037 1161 1228 1289 1313 1331 1332 1373 1394 1428 1429 1433 1473 1482 1572 1613 1614 1629 1638 1719 1731 1807 1820 1926 1928 2000 2005 2038 2056 2149 2191 2253 2314 2320 2333 2364 2387 2395 2397 2403 2486 2567 2614 2638 2651 2744 2839 2915 3031 3082 3141 3347 3351 3354 3381 3388 3446 3532 3534 3536 3577 3592 3692 3745 3749 3770 3803 3811 3871 3913 3953 4021 4083 4141 4154 4162 4200 4248 4251 4284 4327 4353 4381 4403 4483 4485 4496 4519 4554 4632 4646 4739 4792 4826 4861 4877 5187 5258 5389 5411 5453 5479 5594 5607 5648 5663 5758 5855 5872 5878 5881 5894 5989 6000 6038  6114 6124 6149 6244 6257 6469 6489 6501 6523 6524 6585 6612 6635 6682 6708 6774 6879 6893 6901 6917 6950 6959 7001 7007 7037 7059 7086 7095 7231 7254 7282 7312 7328 7391 7435 7443 7464 7539 7549 7573 7613 7662 7747 7934 8029 8063 8081 8121 8159 8247 8276 8277 8299 8435 8478 8553 8581 8659 8688 8696 8711 8794 8819 8881 8883 8907 8928 8929 8954 9109 9130 9200 9217 9221 9295 9298 9349 9523 9533 9687 9712 9769 9783 9787 9835 9934 9942 9967 9969 9974 9984 9986 10023 10029 10039 10175 10222 10262 10284 10303 10415 10466 10471 10499 10550 10552 10640 10644 10654 10732 10764 10765 10857 10911 10937 10961 10984 11008 11117 11636 11677 11683 11696 11713 11714 11728 11736 11738 11758 11764 11780 11788 11789 11804 11808 11821 11836 11839 11847 11848 11849 11859 11863 11873 11874 11875 11883 11884 11892 11893 11912 11915 11919 11931 11954 11955 11956 11962 11964 11972 11975 11976 11982 11984 11985 11989 11994 11997 11998 12004 12007 12022 12023 12026 12029 12030 12031 12040 12044 12066 12070 12077 12078 12088 12091 12093 12094 12096 12100 12110 12117 12122 12126 12127 12131 12138 12149 12156 12157 12162 12170 12172 12174 12178 12183 12185 12188 12189 12195 12196 12197 12206 12216 12222 12229 12234 12263 12264 12293 12294 12324 12330 12338 12340 12344 12356 12378 12379 12385 12391 12396 12402  12421 12425 12431 12440 12444 12445 12456 12461 12471 12474 12483 12498 12502 12535 12562 12568 12570 12580 12585 12600 12606 12607 12621 12631 12634 12635 12645 12647 12658 12684 12697 12734 12746 12762 12774 12784 12785 12798 12816 12827 12884 12901 18934 
	}
	weather={
	}
}
