
strategic_region={
	id=45
	name="STRATEGICREGION_45"
	provinces={
		47 81 213 223 306 614 738 884 913 920 921 998 1002 1364 1591 1671 1735 1758 1971 1973 1979 2012 2043 2147 2405 2496 2551 2670 2684 2695 2790 2819 2821 2833 2882 2912 2943 2978 3001 3042 3128 3146 3178 3186 3570 3644 3651 3688 3695 3716 3822 3882 3903 3994 4130 4177 4205 4230 4330 4436 4437 4438 4595 4851 4870 4895 4900 4928 5011 5062 5128 5198 5309 5373 5529 5563 5605 5633 5706 5748 5764 5777 5849 5889 5988 6088 6126 6174 6274 6287 6350 6367 6390 6395 6436 6488 6622 6676 6749 6766 6869 7011 7178 7241 7287 7294 7531 7543 7702 7729 7849 8001 8011 8014 8045 8114 8225 8273 8283 8326 8356 8455 8491 8725 8799 8915 8958 9079 9172 9211 9267 9416 9450 9538 9547 9658 9854 9953 10027 10134 10209 10256 10265 10304 10324 10357 10401 10440 10549 10577 10747 10783 10824 10887 10976 11031 11042 11078 11115 16820 16832 16836 16840 16851 16866 16872 16875 16886 16891 16906 16907 16908 16911 16912 16915 16922 16923 16933 16938 16946 16954 16958 16959 16966 16973 16978 17002 17003 17011 17017 17018 17028 17032 17036 17044 17047 17053 17066 17069 17075 17083 17112 17118 17127 17128 17133 17141 17149 17150 17160 17170 17177 17182 17204 17211 17214 17226 17232 17236 17240 17251 17255 17258 17270 17287 17301 17307 17328 17330 17339 17347 17357 17360 17380 17389 17414 17416 17417 17421 17424 17430 17457 17458 17459 17472 17479 17484 17485 17486 17512 17514 17519 17523 17529 17544 17546 17548 17552 17569 17583 17608 17610 17612 17649 
	}
	weather={
	}
}
