
strategic_region={
	id=46
	name="STRATEGICREGION_46"
	provinces={
		695 746 780 795 1159 1345 1410 2162 2272 2906 2928 3050 3151 3202 3321 3969 4109 4221 5040 5222 5338 5720 5761 5795 5813 6051 6060 6426 6600 6906 7369 7402 7470 7548 7699 7787 7833 7892 7991 8017 8027 8100 8459 8567 8949 9015 9098 9126 9181 9424 10194 10551 10601 10611 10692 10873 10956 11046 13753 13759 13780 13823 13832 13861 13928 13961 13966 13985 14005 14025 14160 14171 14236 14279 14289 14379 14383 14421 14424 14450 14457 14505 14529 14557 14570 14609 14616 17728 18193 18279 18445 18566 18627 
	}
	weather={
	}
}
