
strategic_region={
	id=48
	name="STRATEGICREGION_48"
	provinces={
		30 124 143 220 337 390 412 452 618 690 724 818 891 927 934 950 990 1073 1112 1206 1276 1284 1499 1517 1536 1552 1580 1622 1687 1692 1812 1824 1846 1920 1978 1994 2007 2034 2055 2070 2075 2230 2475 2593 2626 2634 2729 2797 2861 2897 2933 3079 3110 3123 3318 3324 3328 3332 3339 3366 3369 3399 3456 3469 3485 3511 3630 3664 3710 3738 3757 3788 3861 3880 3901 3912 3921 3951 3954 3987 4039 4098 4166 4190 4250 4279 4308 4552 4575 4706 4749 4842 4857 4969 5048 5135 5155 5179 5231 5282 5424 5491 5523 5616 5811 5944 6066 6160 6176 6213 6217 6224 6365 6403 6443 6476 6537 6598 6619 6644 6657 6711 6802 6863 6871 7015 7028 7094 7097 7108 7110 7126 7139 7143 7204 7205 7269 7363 7395 7396 7463 7645 7667 7713 7846 7886 7918 7928 7956 8013 8107 8136 8161 8190 8255 8263 8400 8636 8745 8801 8901 9001 9321 9368 9482 9540 9541 9601 9674 9699 9744 9868 10035 10041 10052 10102 10141 10146 10346 10404 10411 10414 10445 10498 10665 10690 10699 10768 10865 10965 11072 15283 15311 15317 15343 15344 15376 15380 15403 15451 15498 15542 15558 15572 15585 15603 15656 15667 15697 15711 15732 15756 15779 15780 15823 15838 15842 15860 15875 15889 15894 15898 15912 15927 15958 15988 16024 16037 16062 16090 16205 16223 16298 16310 16325 16345 16397 16429 16464 16495 16500 16520 16537 16552 16581 16603 16619 16630 16631 16638 16683 16694 16697 16705 16717 16718 16754 16791 16797 16800 16804 16805 16814 16839 16847 16856 16861 16898 16928 16936 16956 16957 16971 16985 16996 17005 17010 17022 17025 17026 17039 17062 17071 17074 17086 17089 17093 17103 17110 17111 17117 17122 17179 17180 17222 17231 17235 17244 17252 17272 17281 17304 17311 17318 17320 17323 17335 17346 17352 17355 17356 17372 17387 17393 17413 17423 17426 17453 17462 17467 17478 18141 18329 18392 18416 18458 18723 18776 
	}
	weather={
	}
}
