
strategic_region={
	id=49
	name="STRATEGICREGION_49"
	provinces={
		92 119 229 262 266 462 859 933 958 1014 1141 1156 1526 1578 1798 2042 2228 2259 2332 2340 2371 2460 2583 2623 2764 2786 2802 2817 2962 3172 3370 3376 3578 3609 3706 3752 3786 3989 4001 4117 4208 4447 4561 4711 4720 4908 5116 5379 5516 5673 5682 5862 6017 6020 6062 6187 6368 6518 6724 6825 6909 6989 6991 7018 7286 7352 7398 7569 7675 7908 7924 7930 7958 8023 8064 8203 8240 8253 8324 8372 8598 8660 8759 9004 9167 9223 9310 9319 9496 9501 9517 9573 9582 9648 9662 9697 10254 10280 10364 10395 10587 10735 10796 10834 10974 11060 15962 15969 16006 16023 16056 16057 16099 16124 16141 16162 16175 16198 16247 16255 16265 16297 16305 16318 16329 16348 16354 16375 16401 16434 16458 16478 16487 16491 16518 16519 16532 16536 16540 16541 16570 16580 16588 16602 16629 16672 16673 16696 16711 16723 16728 16733 16753 16765 16777 16813 16831 16835 16864 16865 16905 16909 16952 16964 17042 17779 18042 18267 18318 18337 18516 18586 18590 18761 18888 
	}
	weather={
	}
}
