
strategic_region={
	id=5
	name="STRATEGICREGION_5"
	provinces={
		98 99 204 208 210 245 261 276 282 307 312 369 381 389 410 411 420 447 484 500 647 688 709 717 745 786 803 860 905 977 1025 1066 1146 1165 1417 1469 1527 1549 1575 1710 1786 1814 1898 1905 2011 2037 2050 2109 2110 2115 2263 2266 2267 2331 2343 2352 2357 2388 2448 2467 2592 2596 2609 2667 2829 2850 2893 2907 2917 2951 2969 3044 3058 3085 3097 3149 3211 3242 3260 3306 3317 3364 3415 3449 3476 3494 3520 3560 3598 3617 3718 3751 3771 3789 3945 4027 4044 4057 4201 4256 4262 4274 4360 4401 4407 4427 4428 4511 4607 4761 4806 4811 4874 4911 4987 5022 5160 5166 5189 5235 5273 5276 5298 5352 5368 5466 5490 5504 5542 5569 5580 5626 5717 5745 5937 5972 5976 5987 6110 6164 6200 6238 6253 6412 6472 6538 6543 6588 6662 6677 6731 6786 6815 6880 6887 6888 6894 6955 6981 7050 7081 7188 7235 7238 7247 7302 7315 7350 7365 7408 7483 7521 7523 7536 7542 7566 7580 7582 7623 7636 7656 7664 7692 7765 7774 7815 7906 7960 8052 8110 8135 8167 8171 8175 8232 8311 8337 8417 8422 8437 8461 8505 8618 8623 8644 8657 8679 8746 8758 8763 8772 8779 8804 8840 8872 8890 8891 8902 9040 9050 9134 9160 9197 9264 9279 9341 9369 9370 9379 9412 9435 9466 9474 9487 9531 9564 9677 9688 9691 9721 9728 9729 9730 9731 9754 9766 9915 9995 10034 10082 10125 10177 10198 10208 10313 10387 10512 10526 10627 10693 10717 10730 10733 10750 10805 10863 10908 10916 10933 10936 10952 10962 10975 11021 11043 11067 11099 11123 13636 13666 13677 13696 13707 13725 13732 13733 13765 13787 13788 13815 13816 13834 13864 13865 13877 13881 13882 13883 13884 13899 13914 13923 13924 13935 13943 13952 13965 13987 13994 13995 14001 14008 14013 14021 14041 14042 14048 14055 14056 14057 14070 14072 14079 14080 14085 14092 14104 14105 14112 14113 14114 14124 14138 14139 14140 14141 14148 14159 14164 14170 14174 14181 14182 14188 14205 14211 14224 14237 14238 14239 14248 14260 14276 14286 14287 14291 14298 14305 14306 14308 14309 14310 14311 14320 14326 14330 14343 14348 14354 14374 14375 14386 14387 14388 14399 14409 14410 14414 14419 14446 14455 14462 14463 14464 14472 14473 14474 14489 14490 14496 14497 14525 14526 14527 14532 14533 14542 14546 14547 14548 14554 14555 14563 14565 14566 14572 14574 14577 14578 14584 14588 14590 14596 14597 14607 14608 14612 14614 14627 14632 14637 14640 14645 14646 14647 14652 14653 14662 14668 14677 14686 14693 14697 14707 14729 14730 14738 14743 14751 14754 14759 14770 14782 14795 14796 14815 14816 14829 14854 14878 14887 14902 14903 14923 14949 14958 15012 15021 15038 15053 15084 15114 15140 18943 
	}
	weather={
	}
}
