
strategic_region={
	id=50
	name="STRATEGICREGION_50"
	provinces={
		68 332 340 615 759 789 824 1044 1091 1100 1129 1195 1303 1338 1405 1696 1775 1910 2189 2197 2199 2487 2555 2653 2671 2705 2733 2945 3027 3117 3462 3496 3521 3814 4048 4080 4139 4214 4506 4582 4893 4902 5089 5251 5316 5524 5527 5566 5572 5689 5797 5936 5942 6019 6073 6306 6428 7010 7089 7100 7367 7404 8204 8415 8549 8615 8643 8715 8733 8896 8989 9002 9041 9231 9834 9937 10069 10363 10410 10804 10853 10901 16871 16876 16889 16893 16927 16942 16944 16953 16977 16981 16982 17030 17052 17058 17070 17082 17092 17098 17109 17116 17125 17126 17132 17154 17169 17175 17176 17187 17191 17200 17201 17230 17249 17257 17264 17265 17279 17284 17290 17291 17300 17303 17305 17325 17327 17333 17345 17351 17367 17371 17385 17390 17400 17405 17406 17412 17434 17507 17722 17851 18024 18105 18355 18400 18443 18764 18794 
	}
	weather={
	}
}
