
strategic_region={
	id=6
	name="STRATEGICREGION_6"
	provinces={
		43 90 113 141 202 207 247 256 311 333 349 351 370 387 512 543 556 585 591 634 718 758 777 835 847 854 889 914 1003 1054 1089 1106 1118 1145 1148 1226 1256 1262 1286 1300 1418 1420 1432 1454 1492 1496 1514 1530 1531 1563 1585 1597 1624 1647 1694 1730 1752 1762 1782 1810 1811 1834 1851 1962 2054 2063 2064 2153 2166 2193 2207 2217 2283 2298 2305 2390 2446 2452 2477 2513 2526 2554 2569 2645 2646 2652 2655 2661 2677 2688 2822 2871 2872 2879 2948 2965 3049 3064 3070 3076 3095 3116 3133 3170 3173 3176 3236 3267 3290 3357 3428 3455 3500 3515 3549 3594 3600 3618 3620 3638 3667 3670 3758 3765 3840 3927 3952 3964 4025 4033 4055 4072 4073 4110 4120 4137 4145 4193 4224 4246 4253 4382 4388 4410 4463 4608 4611 4627 4650 4667 4693 4695 4698 4724 4772 4873 4903 5002 5006 5008 5104 5110 5131 5158 5181 5214 5262 5335 5346 5361 5454 5476 5611 5622 5634 5655 5664 5696 5710 5733 5842 5854 5858 5919 5992 5994 5997 5998 6003 6103 6106 6119 6193 6212 6220 6234 6242 6258 6319 6336 6392 6425 6508 6532 6554 6557 6576 6601 6706 6753 6758 6800 6877 6881 6890 6895 6999 7135 7164 7249 7342 7388 7403 7407 7411 7442 7501 7507 7546 7560 7606 7629 7666 7676 7690 7707 7730 7732 7760 7791 7801 7807 7817 7868 7903 7925 7957 7970 8002 8007 8021 8031 8090 8097 8102 8119 8147 8215 8310 8330 8367 8382 8411 8441 8479 8493 8498 8509 8533 8546 8596 8620 8638 8669 8705 8706 8753 8765 8783 8830 8834 8836 8969 8996 9003 9059 9104 9163 9261 9286 9300 9387 9497 9508 9572 9585 9633 9640 9733 9756 9781 9795 9796 9809 9815 9831 9833 9839 9856 9927 9975 9980 10013 10054 10106 10187 10197 10223 10286 10335 10377 10390 10397 10543 10568 10576 10766 10781 10791 10802 10829 10841 10932 10941 10972 10980 11018 11028 11058 11103 11120 14681 14788 14811 14812 14863 14869 14960 14998 15026 15032 15044 15051 15076 15120 15132 15155 15163 15174 15189 15199 15219 15221 15235 15243 15273 15281 15295 15299 15315 15316 15325 15333 15340 15341 15352 15353 15356 15363 15367 15375 15401 15406 15409 15410 15419 15428 15431 15432 15450 15456 15461 15462 15472 15476 15482 15492 15501 15513 15514 15519 15525 15526 15537 15557 15562 15567 15584 15591 15597 15610 15611 15617 15622 15630 15631 15636 15638 15645 15650 15663 15665 15666 15669 15670 15685 15686 15696 15710 15720 15723 15724 15725 15726 15748 15753 15754 15761 15773 15776 15787 15809 15820 15821 15835 15855 15859 15866 15867 15873 15880 15886 15891 15899 15908 15909 15922 15923 15924 15925 15943 15946 15968 15975 15980 15986 15987 15992 16000 16001 16004 16005 16017 16022 16032 16035 16049 16059 16064 16065 16072 16080 16081 16085 16087 16097 16098 16109 16123 16149 16169 16174 16182 16192 16195 16196 16203 16218 16222 16234 16239 16246 16254 16269 16272 16286 16312 16313 16316 16361 16366 16373 16379 16386 16390 16393 16400 16419 16425 16439 16440 16446 16449 16456 16486 16503 16509 16514 16564 16600 18951 
	}
	weather={
	}
}
