
strategic_region={
	id=7
	name="STRATEGICREGION_7"
	provinces={
		260 296 328 374 427 437 524 1049 1275 1333 1408 1458 1529 1857 2006 2148 2265 2444 2497 2511 2575 2673 2732 2867 2975 2980 3253 3254 3474 3707 3709 3797 3999 4023 4031 4032 4099 4160 4247 4420 4513 4538 4602 4638 4728 4736 4766 4875 4878 5020 5038 5054 5090 5211 5417 5500 5506 5693 5816 6076 6188 6239 6293 6313 6423 6882 6892 6925 7039 7234 7236 7260 7270 7576 7605 7637 7643 7814 8303 8316 8325 8357 8610 8674 8740 8937 9013 9024 9071 9155 9176 9229 9311 9389 9394 9429 9577 9619 9791 9852 10050 10132 10169 10174 10202 10215 10311 10344 10416 10425 10439 10542 10570 11005 11010 11015 14838 14881 14888 14898 14933 14939 14959 14962 14991 15013 15015 15016 15039 15045 15060 15068 15069 15070 15075 15102 15112 15118 15152 15162 15188 15194 15198 15208 15216 15224 15226 15234 15249 15250 15253 15256 15266 15270 15271 15303 15305 15314 15320 15324 15327 15339 15355 15371 15374 15391 15396 15397 15427 15440 15447 15448 15455 15471 15489 15491 15493 15500 15512 15518 15541 15545 15551 15556 15580 15590 15605 15634 15635 15658 15662 15698 15722 15766 15777 15786 15833 15848 15872 15933 18947 
	}
	weather={
	}
}
