
strategic_region={
	id=8
	name="STRATEGICREGION_8"
	provinces={
		139 173 194 203 253 309 396 426 443 529 741 843 870 882 896 900 935 943 951 974 1029 1035 1050 1085 1193 1210 1259 1295 1406 1611 1797 1885 1924 1952 1982 2021 2152 2163 2269 2317 2341 2429 2440 2499 2565 2568 2588 2707 2901 2936 3022 3093 3155 3222 3314 3383 3550 3575 3735 3799 3801 3838 3888 3942 4019 4100 4172 4319 4336 4497 4518 4529 4540 4760 4797 4889 4918 4986 4992 5050 5075 5148 5190 5205 5233 5333 5337 5481 5497 5587 5619 5718 5725 5771 5886 5915 5985 6125 6145 6173 6214 6356 6374 6415 6530 6534 6549 6558 6627 6687 6727 6823 6934 6966 7044 7076 7123 7197 7218 7239 7276 7303 7428 7497 7631 7654 8008 8039 8070 8077 8188 8305 8314 8560 8600 8604 8605 8698 8738 8774 8807 8849 8947 9065 9113 9165 9204 9214 9238 9373 9404 9463 9477 9559 9597 9705 9727 9770 9925 10137 10301 10446 10455 10579 10580 10589 10604 10641 10718 10723 10818 10849 10993 10998 11047 11051 11059 11084 14090 14091 14180 14228 14259 14297 14329 14382 14442 14461 14471 14479 14488 14509 14545 14569 14589 14593 14631 14636 14639 14644 14661 14680 14685 14692 14702 14737 14742 14750 14753 14758 14768 14769 14776 14777 14787 14809 14814 14818 14821 14843 14844 14853 14867 14877 14891 14908 14913 14914 14915 14929 14932 14988 14989 14996 14997 15001 15037 15052 15058 15059 15066 15067 15074 15098 15101 15105 15111 15113 15117 15125 15131 15145 15146 15157 15161 15172 15185 15193 15212 15213 15215 15233 15237 15238 15239 15240 15248 15262 15263 15265 15280 15293 15294 15313 15319 15337 15351 15362 15378 15399 15400 15439 15524 15532 15571 
	}
	weather={
	}
}
