
strategic_region={
	id=80
	name="STRATEGICREGION_80"
	provinces={
		228 368 689 981 1830 2260 2288 2556 2603 2682 2769 3068 3233 4146 4175 4387 4391 4541 4818 5143 5285 5612 6371 6479 7448 7450 7695 8124 8285 8985 9095 9304 9505 9551 9676 9803 9987 10145 10242 12460 12488 12514 12527 12566 12579 12584 12613 12654 12702 12740 12834 12853 12860 12869 12908 12923 12932 12933 12938 12966 12967 12988 13001 13007 13061 17780 17833 17856 17860 17890 17968 18111 18394 18423 18427 18500 18529 18562 18743 18765 18850 
	}
	weather={
	}
}
