
strategic_region={
	id=9
	name="STRATEGICREGION_9"
	provinces={
		78 104 116 135 161 214 249 274 318 383 417 460 482 525 566 568 619 635 715 737 785 826 841 903 908 923 928 973 980 999 1038 1076 1081 1116 1134 1154 1158 1205 1227 1234 1264 1269 1270 1304 1311 1321 1375 1376 1455 1504 1639 1661 1681 1703 1708 1725 1736 1754 1800 1839 1891 1894 1942 1976 1984 1995 2024 2032 2067 2073 2112 2119 2160 2182 2218 2251 2303 2311 2358 2366 2408 2410 2474 2502 2512 2564 2566 2678 2716 2766 2771 2777 2787 2789 2800 2823 2845 2847 2860 2895 2905 2950 2964 3026 3122 3247 3340 3417 3444 3470 3473 3503 3539 3611 3658 3700 3711 3715 3907 3920 3974 4143 4150 4171 4211 4228 4263 4281 4307 4356 4362 4426 4455 4459 4467 4505 4517 4523 4563 4639 4679 4694 4700 4717 4820 4843 4863 4995 5021 5046 5082 5102 5103 5137 5172 5228 5239 5257 5266 5272 5288 5322 5367 5385 5410 5477 5520 5521 5543 5544 5568 5589 5623 5636 5646 5651 5662 5687 5692 5714 5734 5749 5788 5818 5824 5848 5850 5851 5888 5978 5979 5980 5996 6015 6018 6022 6050 6064 6089 6100 6117 6327 6337 6343 6372 6404 6452 6478 6493 6504 6519 6589 6611 6718 6719 6734 6739 6740 6793 6799 6820 6833 6853 6921 6937 6942 6974 6986 7017 7130 7167 7170 7252 7279 7361 7372 7387 7427 7436 7485 7510 7564 7685 7703 7718 7726 7739 7782 7809 7819 7845 7863 7875 7893 7989 7999 8061 8086 8117 8127 8141 8145 8151 8219 8269 8301 8336 8385 8490 8504 8528 8532 8554 8555 8584 8645 8703 8708 8735 8826 8829 8889 8892 8931 8933 9016 9044 9049 9056 9108 9124 9184 9193 9203 9276 9358 9386 9399 9409 9455 9458 9493 9522 9526 9548 9562 9596 9624 9646 9666 9685 9693 9698 9739 9742 9750 9765 9813 9846 9906 9910 9916 9944 9972 10011 10078 10158 10161 10164 10179 10219 10239 10306 10347 10424 10503 10518 10539 10606 10632 10657 10659 10686 10707 10742 10745 10752 10800 10830 10884 10931 10944 10950 10986 10992 11004 11014 11048 11122 11125 15264 15286 15292 15395 15414 15422 15467 15488 15511 15523 15555 15564 15589 15595 15601 15604 15616 15621 15629 15654 15660 15661 15691 15718 15719 15752 15760 15772 15785 15819 15828 15829 15847 15854 15879 15903 15907 15953 15961 15965 15973 15974 15991 15997 15998 16014 16015 16016 16021 16029 16058 16093 16116 16120 16121 16122 16131 16138 16155 16167 16168 16181 16185 16188 16191 16194 16244 16260 16268 16277 16301 16302 16303 16321 16335 16336 16337 16341 16344 16360 16371 16392 16399 16417 16418 16422 16432 16437 16438 16444 16468 16475 16476 16485 16493 16498 16499 16511 16517 16523 16528 16533 16534 16539 16573 16583 16584 16590 16595 16627 16628 16635 16639 16641 16669 16671 16675 16679 16704 16715 16743 16750 16751 16755 16766 16788 16801 16802 16808 16834 16837 16838 16842 16855 16859 16860 16868 16878 16883 16892 16896 16916 16924 16934 16960 16975 16976 16980 16989 16993 16994 17006 17009 17013 17034 17038 17049 17056 17059 17068 17079 17084 17096 17097 17102 17107 17119 17134 17145 17146 17152 17156 17172 17195 17199 17207 17208 17217 17229 17238 17253 17256 17260 17271 17278 17286 17296 17297 17298 17316 17321 17329 17336 17350 17362 17403 17435 17449 17461 18914 
	}
	weather={
	}
}
