
strategic_region={
	id=96
	name="STRATEGICREGION_96"
	provinces={
		195 227 1315 1353 2046 2097 2435 2538 2753 2887 2938 3119 3661 3730 3737 3782 4058 4064 4184 4223 4495 4964 4989 5393 5590 5955 6025 6047 6075 6402 6471 6509 6728 7093 7250 7601 7655 7827 7949 7966 8332 8387 8429 8550 8607 8680 8884 9086 9145 9150 9180 9465 9594 9936 9977 10028 10057 10147 10230 10275 10325 10487 10622 10771 11022 11187 11191 11204 11206 11209 11221 11233 11234 11235 11238 11247 11248 11252 11253 11256 11257 11268 11272 11274 11277 11278 11279 11284 11286 11292 11297 11301 11309 11310 11311 11318 11325 11343 11346 11354 11359 11360 11372 11384 11393 11395 11409 17795 17823 17868 17899 18007 18009 18020 18083 18087 18192 18209 18224 18303 18385 18395 18411 18503 18533 18581 18713 18745 18768 18805 18810 18811 18820 
	}
	weather={
	}
}
