
strategic_region={
	id=98
	name="STRATEGICREGION_98"
	provinces={
		477 510 681 910 1363 2058 2274 3132 3223 3588 3996 4016 4280 4620 4660 5203 5349 5679 5863 6095 6112 6120 6122 6535 6714 6992 6994 7045 7153 8032 8067 8176 8612 8792 8882 9077 9123 9271 9287 9638 10064 10153 10355 10852 11053 11132 11134 11136 11139 11140 11142 11147 11149 11153 11155 11162 11163 11165 11167 11174 11178 11188 11189 11190 11205 11207 11210 11213 11216 11217 11220 11227 11231 11239 11242 11244 11250 11262 11269 11270 11275 17766 17810 17852 17945 18016 18026 18136 18165 18191 18240 18334 18518 18621 18757 18763 18781 18807 18816 
	}
	weather={
	}
}
