
strategic_region={
	id=28
	name="STRATEGICREGION_28"
	provinces={
		22 146 179 250 274 354 472 544 748 761 796 1004 1042 1061 1365 1398 1464 1608 1701 1725 1782 1864 2059 2070 2143 2259 2277 2287 2331 2333 2493 2513 2552 2597 2668 2882 2990 3039 3119 3220 3255 3418 3436 3448 3531 3548 3555 3593 3618 3625 3757 3808 3878 3957 3983 4005 4017 4030 4102 4158 4428 4501 4619 4721 4918 5103 5118 5161 5164 5177 5224 5241 5248 5366 5398 5434 5441 5491 5508 5555 5697 5771 5846 5903 5916 5984 6173 6202 6350 6437 6459 6464 6465 6474 6596 6656 6814 6892 7082 7284 7345 7378 7449 7473 7583 7593 7785 7826 7842 7880 7891 7931 8056 8184 8269 8272 8578 8600 8649 8839 9043 9078 9151 9402 9594 9685 9761 9768 9788 9829 9906 10002 10017 10064 10133 10181 10212 10250 10284 10287 10442 10488 10652 10673 10707 13167 13187 13240 13247 13256 13262 13267 13275 13278 13316 13320 13329 13339 13355 13379 13386 13392 13396 13408 13413 13416 13417 13426 13427 13435 13436 13444 13455 13459 13462 13468 13473 13483 13488 13489 13493 13497 13506 13515 13522 13523 13529 13530 13531 13535 13547 13555 13565 13566 13567 13573 13581 13589 13595 13602 13610 13614 13619 13645 13653 13676 13683 13690 13707 13724 13728 13729 13733 13739 13758 13769 13770 13798 13799 13841 13842 13843 13846 13847 13852 13868 13885 13886 13891 13906 13918 13942 13949 13967 13971 13980 13987 13997 14026 14042 14086 14093 14106 14112 14129 14151 14168 14184 14205 14206 14228 14249 14271 14299 14313 14318 14346 14367 14379 14394 14395 14437 14475 14480 14484 14489 14519 14535 14553 14572 14588 14622 14649 14650 14680 14681 14715 14758 14769 14786 
	}
	weather={
		period={
			between={ 0.0 14.2 }
			temperature={ -10.0 35.0 }
			no_phenomenon=1.500
			rain_light=0.250
			rain_heavy=0.100
			snow=0.000
			blizzard=0.000
			arctic_water=0.000
			mud=0.000
			sandstorm=0.000
			min_snow_level=0.000
		}
	}
}
