1 7 14309 1527 14148 2592 8872 11123 13884 
1 5 6110 14542 14497 4262 14309 
2 12 9134 10863 210 2109 14141 8891 905 8772 14001 8890 2917 11123 
2 7 6110 8311 8171 10627 1066 14291 210 
2 5 3945 7238 3097 98 14662 
2 5 3097 4027 204 5976 14309 
2 4 14730 5022 14653 14662 
1 8 14730 14686 6543 10730 14597 14577 14532 261 
3 8 14878 14829 5937 14796 4274 14693 14637 14577 
1 7 6238 15021 2893 14903 14923 5166 14878 
1 5 5166 5160 14854 10313 10512 
1 12 10512 312 8746 3617 6588 14546 5626 7302 14462 3560 14287 6662 
1 6 6662 4044 2266 3211 4407 14298 
1 5 14298 7483 688 9341 14554 
2 7 14554 14574 7960 14588 14590 3044 261 
2 7 261 8779 7765 4256 14343 5298 14305 
1 8 14305 14276 10177 1549 14354 5504 14348 14309 
2 11 14298 10933 14238 14211 14182 5745 2110 13952 7623 9264 7081 
1 3 5745 2115 3494 
1 6 3494 11043 14140 14105 14072 4911 
3 5 4911 3260 7774 13707 13636 
2 10 11123 1417 4201 3751 13943 7664 3789 2050 1898 4911 
1 5 13707 4427 2448 13816 3789 
