state={
	id=104
	name="STATE_104"
	history={
		owner = NAN
		buildings = {
			infrastructure = 5
			industrial_complex = 3
			arms_factory = 2

		}
		add_core_of = NAN

	}
	provinces={
		432 530 546 909 1047 1079 1102 1621 1954 2059 2122 2194 2479 2516 2970 3518 3535 4678 4754 5161 5162 5178 5241 5495 5650 5708 5871 5934 6198 6270 6923 6938 7492 7520 7621 7693 7902 8137 8786 10396 10826 10894 16074 16077 16082 16112 16125 16158 16165 16190 16200 16201 16207 16248 16249 16267 16270 16279 16330 16383 16391 16453 16459 16480 16507 
	}
	manpower=0
	buildings_max_level_factor=1
	local_supplies=0
}
