
state={
	id=825
	name="STATE_825"

	history={
		owner = WEI
 
		buildings = {
			infrastructure = 5
			industrial_complex = 3
			arms_factory = 2

		}
		add_core_of = WEI

	}

	provinces={
		5668 6382 8015 8162 12508 45 1711 1824 1983 2733 3031 4768 6439 9115 13186 13197 13252 13253 13254 13270 13285 13291 13326 672 1005 1100 3554 6229 7375 7667 7700 10148 10392 10587 13043 13068 13071 13103 13118 13129 13148 554 2393 3412 3750 4084 4756 5483 5597 7825 7898 8906 9504 9687 12742 12860 12885 12903 12940 12968 13001 13025 13044 13085  
	}
	manpower=10000000
	buildings_max_level_factor=1.000
	state_category=city
	local_supplies=0.000
}
