
state={
	id=826
	name="STATE_1174"

	history={
		owner = DIV
		buildings = {
			infrastructure = 5
			industrial_complex = 3
			arms_factory = 2

		}
		add_core_of = DIV

	}

	provinces={
		1904 3318 3697 4304 5542 5544 6109 6653 8418 10554 13271 13272 13281 13297 13303 13327 13338 13352 13385 2443 2730 3130 4171 6330 7612 7871 9320 10512 13342 13391 13443 13448 13452 13472 13496 193 747 2326 2404 3076 4358 8334 8413 13165 13204 13205 13215 13226 13246 13300 13308 1085 1261 3354 5132 6284 6695 8062 8581 8635 9264 13161 13219 13225 13231 13296 803 1720 1969 3570 4281 4312 5322 5793 6019 6903 8466 9063 10194 10626 13086 13107 13176 13198 
	}
	manpower=10000000
	buildings_max_level_factor=1.000
	state_category=city
	local_supplies=0.000
}
