
state={
	id=827
	name="STATE_1113"

	history={
		owner = DIV
		buildings = {
			infrastructure = 5
			industrial_complex = 3
			arms_factory = 2

		}
		add_core_of = DIV

	}

	provinces={
		158 1504 2093 3101 3725 4395 4432 4551 4771 4887 7184 7194 7919 8339 8384 9492 15637 15646 15704 15713 15746 15754 15780 15829 15830 15885 492 1054 1397 1417 4283 7110 7565 8404 8584 16055 16114 16131 16192 16292 16306 561 1285 1361 2528 3850 4345 6468 8750 9484 9509 15848 15888 15889 15925 15943 15952 15979 15995 16054 260 4074 5308 5469 7398 9541 15720 15747 15799 15866 15921 15976 1039 2896 4107 4611 5575 6354 6848 7306 9612 9749 10370 10791 15132 15203 15259 15293 15310 15357 15369 15503 15518 15563 15581 
	}
	manpower=10000000
	buildings_max_level_factor=1.000
	state_category=city
	local_supplies=0.000
}
