
state={
	id=83
	name="STATE_83"

	history={
		owner = DIV
		victory_points = {
			1200 3 
		}
		buildings = {
			infrastructure = 5
			industrial_complex = 3
			arms_factory = 2

		}
		add_core_of = DIV

	}

	provinces={
		269 782 1200 1481 1656 1800 2645 2811 3330 3377 3663 3986 4220 4686 5137 6800 6864 7097 7685 8157 10033 10627 13732 13775 13776 13796 13858 13865 13888 13935 13957 13964 14006 14007 14070 14154 138 423 1053 1615 1758 4118 4516 5475 6328 6485 7441 8164 8307 9124 10014 10732 13500 13528 13557 13560 13564 13574 13594 13597 13667 13688 13706 13713 13745 13754 13785 13804 13810 13851 719 819 2035 2096 2196 6233 8708 8958 9165 10620 13538 13575 13583 13625 13639 13681 13693 13767 13786 13837 13887 1207 1829 1935 2103 4936 5715 8219 10333 13874 13880 13921 14040 14103 14104 14148 14161 14211 14212 14275 14283 1025 1064 1204 1333 1342 2024 2129 2962 3907 4830 5523 6122 6504 8050 8122 13470 13520 13544 13571 13584 13601 13609 13626 13668 13696 13697  
	}
	manpower=10000000
	buildings_max_level_factor=1.000
	state_category=city
	local_supplies=0.000
}
