
state={
	id=830
	name="STATE_1172"

	history={
		owner = DIV
		buildings = {
			infrastructure = 5
			industrial_complex = 3
			arms_factory = 2

		}
		add_core_of = DIV

	}
	
	provinces={
		1398 3255 3808 5161 5241 6656 8839 10250 13841 13885 13918 13949 13987 14026 14086 1061 3555 5434 6173 7284 7583 7880 9768 10064 14042 14093 14168 14184 14271 14346 1782 2277 2493 2552 3878 10002 14228 14299 14394 14395 14475 14553 796 2513 2882 3618 3625 5164 7785 9594 10284 14437 14622 14649 14650 14680 14715 14769 1365 2070 4102 6892 9043 14249 14313 14318 14367 14379 14484 14489 14535 
	}
	manpower=10000000
	buildings_max_level_factor=1.000
	state_category=city
	local_supplies=0.000
}
