
state={
	id=831
	name="STATE_831"

	history={
		owner = WEI
 
		buildings = {
			infrastructure = 5
			industrial_complex = 3
			arms_factory = 2

		}
		add_core_of = WEI

	}

	provinces={
		378 2601 3040 3135 3217 4240 4410 5331 6595 6796 8305 8393 12652 12653 12682 12711 12722 12774 12788 12818 12824 12952 13010 1055 3281 3966 4324 7727 9527 12704 12705 12712 12743 12758 12798 12805 12842 12886 976 1611 2620 2835 3020 6183 7655 7964 10215 12501 12502 12544 12593 12654 5139 5798 6020 6560 7236 8092 9385 9658 10226 12404 12450 12481 12503 12561 
	}
	manpower=10000000
	buildings_max_level_factor=1.000
	state_category=city
	local_supplies=0.000
}
