
state={
	id=835
	name="STATE_835"

	history={
		owner = WEI
 
		buildings = {
			infrastructure = 5
			industrial_complex = 3
			arms_factory = 2

		}
		add_core_of = WEI

	}

	provinces={
		2310 2573 6766 7244 10117 10394 12075 12107 12140 12151 12193 12206 12277 12278 248 1422 1474 2293 3239 3996 5651 5950 6742 8352 9008 9748 10528 11610 11614 11667 11703 11714 11733 11774 11778 11781 11793 11871 3863 8894 10044 11895 11905 11920 11963 11964 11976 12013 12023 12028 471 1092 2678 3011 6057 6372 8449 11894 11901 12043 12050 12096 12101 12102 
	}
	manpower=10000000
	buildings_max_level_factor=1.000
	state_category=city
	local_supplies=0.000
}
