
state={
	id=842
	name="STATE_1070"

	history={
		owner = ONG
		buildings = {
			infrastructure = 5
			industrial_complex = 3
			arms_factory = 2

		}
		add_core_of = ONG

	}

	provinces={
		349 3138 3883 5098 6853 7481 8497 10137 10332 10646 16254 16280 16327 16331 16364 16380 16393 2233 3748 4535 6759 7333 7779 9122 9521 9744 10328 15880 15904 16019 16099 16116 16126 2777 4538 4859 4929 7810 8108 8469 10256 16171 16178 16216 16242 16265 16271 16365 1018 3169 3609 6347 8115 9294 10164 16379 16412 16426 16449 16469 16523 16541 16567 16587 16591 16644 39 1663 3741 4061 4985 6501 8209 10490 15903 15922 15969 15989 16015 16026 16066 16084 16136 16163 16195 
	}
	manpower=10000000
	buildings_max_level_factor=1.000
	state_category=city
	local_supplies=0.000
}
