
state={
	id=845
	name="STATE_1078"

	history={
		owner = ONG
		buildings = {
			infrastructure = 5
			industrial_complex = 3
			arms_factory = 2

		}
		add_core_of = ONG

	}

	provinces={
		136 178 499 1263 1305 3595 3672 4111 5081 7033 10436 16610 16656 16664 16714 16747 16754 16763 16811 16836 16901 16964 226 687 4187 5145 5239 5664 5740 6671 9797 10021 10633 16408 16439 16472 16501 16506 631 3951 6517 7819 8723 9894 9956 16748 16858 16885 16926 16950 16993 17002 361 1560 5932 6389 6637 7146 8006 8302 9382 17060 17186 17200 17225 17291 17320 
	}
	manpower=10000000
	buildings_max_level_factor=1.000
	state_category=city
	local_supplies=0.000
}
