
state={
	id=852
	name="STATE_852"

	history={
		owner = WEI
 
		buildings = {
			infrastructure = 5
			industrial_complex = 3
			arms_factory = 2

		}
		add_core_of = WEI

	}

	provinces={
		1784 2832 3833 5919 6374 13317 13331 13357 13394 13400 13432 13454 13478 13512 13513 13553 142 1286 3102 5367 5416 7006 9113 13340 13363 13389 13414 13447 725 920 2009 3688 4805 5880 7794 7821 13484 13533 13631 2417 4421 6850 7076 8775 13527 13534 13543 13563 13608 13624 13663 15 574 1201 2708 2857 3124 3496 9318 13298 13306 13307 13324 13341 13349 13368 13407 13441 
	}
	manpower=10000000
	buildings_max_level_factor=1.000
	state_category=city
	local_supplies=0.000
}
