
state={
	id=853
	name="STATE_1209"

	history={
		owner = DIV
		buildings = {
			infrastructure = 5
			industrial_complex = 3
			arms_factory = 2

		}
		add_core_of = DIV

	}

	provinces={
		2482 5324 5770 10205 12528 12533 12573 12594 12595 12632 12640 12649 12752 12761 2022 3187 4835 4992 6166 9742 10009 12342 12347 12387 12392 12443 12446 12476 12493 12532 12562 1164 5755 5773 7085 12149 12150 12165 12192 12226 12228 12276 12283 12329 115 506 958 1505 2069 2965 4446 5374 6045 8674 9678 9909 12665 12698 12760 12789 12822 12853 12874 12899 12931 
	}
	manpower=10000000
	buildings_max_level_factor=1.000
	state_category=city
	local_supplies=0.000
}
