
state={
	id=866
	name="将阴"

	history={
		owner = KAN
 
		buildings = {
			infrastructure = 1
		}
		add_core_of = KAN

	}
	
	provinces={
		420 3042 3963 4119 4407 4984 5121 5883 17113 17237 17275 17297 17402 1182 2011 5503 6620 7021 7297 7414 8096 8098 9187 9737 17509 17567 17588 17642 17654 17658 17667 17711 17724 17732 418 1874 2535 4032 4500 4570 4884 5242 6378 9921 17481 17503 17557 17577 17634 17643 560 1544 3098 3180 3960 6757 10540 17083 17122 17134 17148 17183 17184 17191 17210 17248 17276 17325 17336 17355 
	}
	manpower=2034116
	buildings_max_level_factor=1.000
	state_category= rural
	local_supplies=0.000
}
