
state={
	id=876
	name="STATE_1086"

	history={
		owner = DIV
		buildings = {
			infrastructure = 5
			industrial_complex = 3
			arms_factory = 2

		}
		add_core_of = DIV

	}

	provinces={
		1552 2194 2694 2744 3195 4531 5726 6746 7289 8809 9561 10783 15218 15269 15325 15359 15375 15430 15519 15528 15570 15583 15647 2097 3993 4033 4665 5465 5472 5546 9937 10308 10401 10603 15431 15596 15686 15860 414 424 5312 8080 9470 15184 15188 15229 15270 15302 15365 15452 624 2166 6344 7198 7380 8986 10283 10339 14847 14880 15003 15054 15110 15111 15199 15239 903 1235 1934 3191 4163 6429 7913 8535 8847 8987 14922 15045 15055 15133 15223 15248 15311 15385 15422 
	}
	manpower=10000000
	buildings_max_level_factor=1.000
	state_category=city
	local_supplies=0.000
}
