
state={
	id=879
	name="STATE_1189"

	history={
		owner = DIV
		buildings = {
			infrastructure = 5
			industrial_complex = 3
			arms_factory = 2

		}
		add_core_of = DIV

	}

	provinces={
		546 1088 2754 3067 3810 4571 5450 10737 12433 12461 12485 12509 12518 12523 12538 12578 12624 12631 12658 12671 12689 1399 6329 6883 12715 12731 12732 12770 12775 12821 12825 12843 12866 12887 12892 112 2870 4530 4561 6031 8503 9613 9676 10430 12517 12577 12648 12719 12759 12781 12813 1157 2455 4268 4860 4973 5626 7197 7528 10158 12912 13012 13051 13060 13088 13142 13150 13173 13188 709 2298 3362 3584 4374 5202 5623 6752 7030 8844 9943 10406 12840 12865 12894 12904 12911 12960 12969 13002 13003 13028 13054 13078 13087 
	}
	manpower=10000000
	buildings_max_level_factor=1.000
	state_category=city
	local_supplies=0.000
}
