
state={
	id=882
	name="STATE_1090"

	history={
		owner = DIV
		buildings = {
			infrastructure = 5
			industrial_complex = 3
			arms_factory = 2

		}
		add_core_of = DIV

	}

	provinces={
		103 3350 5709 5924 6537 7520 8041 8943 9995 10371 16262 16316 16324 16363 16512 16560 188 835 2027 2540 3326 3842 4354 9472 16407 16437 16481 16485 16499 16537 16540 16575 16598 1586 5690 6993 7507 7679 7915 7985 9495 9754 10592 16377 16378 16411 16436 16455 16465 16498 2498 3665 3791 4655 5313 6092 9644 16024 16040 16081 16102 16167 16186 34 2144 3567 4364 6505 7601 9297 10533 16103 16253 16284 16297 16308 16317 
	}
	manpower=10000000
	buildings_max_level_factor=1.000
	state_category=city
	local_supplies=0.000
}
