
state={
	id=889
	name="STATE_1119"

	history={
		owner = DIV
		buildings = {
			infrastructure = 5
			industrial_complex = 3
			arms_factory = 2

		}
		add_core_of = DIV

	}

	provinces={
		1021 4586 5007 5851 6332 7789 8684 9174 9429 15652 15753 15786 15899 15961 15962 1451 2373 2518 2717 3851 5998 6148 6251 8037 8557 8903 9330 9446 15762 15798 15812 15859 16002 16029 16059 16130 279 1486 3287 5680 8542 9941 10108 15408 15429 15460 15517 15543 15575 15616 15703 321 686 1749 2516 3173 3793 3959 5179 8091 9948 10629 15119 15324 15364 15463 15527 15562 15602 454 2436 4682 6734 8625 8665 15414 15502 15558 15574 15622 15636 15719 
	}
	manpower=10000000
	buildings_max_level_factor=1.000
	state_category=city
	local_supplies=0.000
}
