
state={
	id=891
	name="STATE_891"

	history={
		owner = WEI
 
		buildings = {
			infrastructure = 5
			industrial_complex = 3
			arms_factory = 2

		}
		add_core_of = WEI

	}

	provinces={
		1424 3167 3528 6058 6590 7067 7485 9970 11492 11517 11558 11595 11599 11605 11649 11661 961 2113 5974 6750 7115 7637 10131 11712 11773 11816 11863 6774 7539 7950 8913 9818 9847 10508 10647 11888 11900 11935 11941 11981 12111 14 368 738 1726 3359 4377 6513 7215 10677 11732 11738 814 3099 3315 3876 5001 7165 8589 9939 11617 11652 11673 11680 11707 11752 11764 11801 11869 11915 11948 4612 5069 5620 7016 9399 10076 11837 11876 11978 12006 
	}
	manpower=10000000
	buildings_max_level_factor=1.000
	state_category=city
	local_supplies=0.000
}
