
state={
	id=892
	name="STATE_1088"

	history={
		owner = DIV
		buildings = {
			infrastructure = 5
			industrial_complex = 3
			arms_factory = 2

		}
		add_core_of = DIV

	}

	provinces={
		475 572 1026 1440 4598 8263 10561 10576 15933 15953 15980 15988 16018 16061 16092 16145 16194 1030 1449 1847 2346 2897 3367 4698 5394 5887 6492 7079 7584 7660 8907 9462 9776 10028 10676 15564 15611 15694 15738 15879 15945 16041 16056 869 1143 1729 2724 3452 4001 4054 6588 8189 9662 9934 16144 16193 16263 75 781 1192 2715 6388 7093 7970 8216 9487 10521 10609 15763 15789 15813 15868 15913 15926 15963 15984 16060 16070 16104
	}
	manpower=10000000
	buildings_max_level_factor=1.000
	state_category=city
	local_supplies=0.000
}
