
state={
	id=893
	name="STATE_1182"

	history={
		owner = DIV
		buildings = {
			infrastructure = 5
			industrial_complex = 3
			arms_factory = 2

		}
		add_core_of = DIV

	}


	provinces={
		319 1709 7495 7827 8324 10461 13286 13287 13310 13347 13364 13403 3832 5029 7219 7629 8067 8285 9872 13189 13206 13220 13223 13235 13259 13309 2790 4751 6838 7725 8685 13077 13093 13110 13114 13126 13130 13139 13149 13171 1331 3470 4592 6929 8942 9773 13111 13122 13155 13162 13190 13216 13221 119 1985 2180 3781 4534 4946 5227 5679 7828 9490 12864 12895 12925 12944 12950 12959 12982 12996 13011 13026 13027 13041 13059 13132 13133 
	}
	manpower=10000000
	buildings_max_level_factor=1.000
	state_category=city
	local_supplies=0.000
}
