
state={
	id=895
	name="STATE_1111"

	history={
		owner = DIV
		buildings = {
			infrastructure = 5
			industrial_complex = 3
			arms_factory = 2

		}
		add_core_of = DIV

	}

	provinces={
		837 2631 5226 6816 7123 9236 10595 16185 16191 16245 16260 16329 16402 16406 16511 431 1499 1801 1918 2400 3175 3739 5005 6490 8367 8914 10297 10492 16214 16283 16305 16353 16362 16384 16453 16468 16510 113 669 1773 3613 3848 5459 7011 7273 8560 9362 9426 15917 15967 16013 16023 16046 16080 16090 16143 16150 16166 16182 16231 374 549 1545 1816 5045 5290 7741 9654 15606 15635 15645 15692 15709 15779 15811 15822 15823 
	}
	manpower=10000000
	buildings_max_level_factor=1.000
	state_category=city
	local_supplies=0.000
}
