
state={
	id=898
	name="STATE_1129"

	history={
		owner = DIV
		buildings = {
			infrastructure = 5
			industrial_complex = 3
			arms_factory = 2

		}
		add_core_of = DIV

	}

	provinces={
		550 1583 2218 2697 2875 3382 5800 6828 6836 7687 7877 8002 8648 10149 14166 14344 14361 14479 14501 14565 14641 730 2145 2770 4876 5659 6385 9001 9145 14732 14823 14885 14953 14960 14961 15026 289 1250 2554 3414 3698 3954 4472 6194 6684 7517 8237 9812 14468 14502 14648 14664 14665 14705 14726 14761 14785 14805 14809 14857 14864 14886 14891 
	}
	manpower=10000000
	buildings_max_level_factor=1.000
	state_category=city
	local_supplies=0.000
}
