
state={
	id=899
	name="STATE_1087"

	history={
		owner = DIV
		buildings = {
			infrastructure = 5
			industrial_complex = 3
			arms_factory = 2

		}
		add_core_of = DIV

	}

	provinces={
		296 977 1418 1514 2178 3022 3218 3886 4942 6308 9500 16491 16532 16625 16647 16672 16677 16705 16713 16720 16786 16850 1169 4341 4449 6857 8119 8327 8644 16047 16157 16222 16246 16270 16294 16298 16325 16354 16438 1585 2052 2608 3407 4708 5451 7163 9097 9274 16522 16561 16566 16624 16683 618 2186 4861 5173 5266 16340 16392 16431 16460 16490 16500 16555 2261 2662 5022 5212 6825 8183 8854 16014 16076 16082 16115 16151 16269 16293 16309 
	}
	manpower=10000000
	buildings_max_level_factor=1.000
	state_category=city
	local_supplies=0.000
}
