
state={
	id=900
	name="STATE_1121"

	history={
		owner = DIV
		buildings = {
			infrastructure = 5
			industrial_complex = 3
			arms_factory = 2

		}
		add_core_of = DIV

	}

	provinces={
		4437 4874 4879 6773 7103 10049 15296 15305 15346 15358 15409 15444 15461 15472 15551 15582 15623 15653 15671 15685 425 751 2539 3976 4198 4262 6601 6694 7805 8769 9865 10421 15383 15384 15415 15473 15544 15705 15748 15749 15792 15800 15867 1799 1853 3150 4360 4870 6357 8548 9040 10500 15347 15401 15421 15490 15595 15617 15693 2114 3081 3161 3455 5647 7928 8309 8436 9225 9257 15788 15843 15890 15944 15983 15996 
	}
	manpower=10000000
	buildings_max_level_factor=1.000
	state_category=city
	local_supplies=0.000
}
