
state={
	id=902
	name="STATE_902"

	history={
		owner = WEI
 
		buildings = {
			infrastructure = 5
			industrial_complex = 3
			arms_factory = 2

		}
		add_core_of = WEI

	}

	provinces={
		362 2434 2660 2993 6862 7161 7523 7684 8540 9739 11830 11831 11842 11904 11927 11936 11949 12002 111 1119 1452 1708 2162 4076 6642 9791 10145 11908 11916 11942 11975 12016 12062 12071 12120 58 908 1295 1825 3035 3859 4590 5093 5766 6080 7100 8025 9019 9105 9209 10316 11849 11889 11943 11982 11983 12017 12033 12034 12063 12066 12114 12115 12156 12179 12205 12223 
	}
	manpower=10000000
	buildings_max_level_factor=1.000
	state_category=city
	local_supplies=0.000
}
