
state={
	id=903
	name="STATE_1140"

	history={
		owner = DIV
		buildings = {
			infrastructure = 5
			industrial_complex = 3
			arms_factory = 2

		}
		add_core_of = DIV

	}

	provinces={
		1339 2260 2290 3004 4444 5392 6449 10451 13635 13669 13671 13714 13716 13717 13737 13821 13866 1016 1867 2739 3987 5067 5265 5511 5633 5826 7077 8083 10263 10530 13402 13458 13471 13491 13514 13558 13598 13644 13682 1040 1648 3435 3459 3870 5781 6094 6805 7381 8693 9107 13746 13762 13881 13889 13905 13917 13965 9 184 229 2267 2787 4507 5042 6010 6271 7793 8423 9488 13415 13487 13554 13572 13576 13605 13612 
	}
 	manpower=10000000
	buildings_max_level_factor=1.000
	state_category=city
	local_supplies=0.000
}
