
state={
	id=904
	name="STATE_1149"

	history={
		owner = DIV
		buildings = {
			infrastructure = 5
			industrial_complex = 3
			arms_factory = 2

		}
		add_core_of = DIV

	}

	provinces={
		946 2015 4455 4635 5534 6589 7527 8165 8692 10550 14226 14270 14307 14345 14455 608 695 1356 4943 5016 8923 14059 14120 14127 14155 14162 14242 14297 67 340 1803 1875 2612 2893 3198 3335 3361 3871 4132 5267 5320 7834 8863 10136 14440 14483 14513 14577 14586 14594 14660 14727 1 757 762 1332 1919 3501 3705 4088 4208 4678 6021 7714 9944 10079 14488 14612 14672 14687 14728 14755 14756 14831 14845 14954 15018 15062 15079 
	}
 	manpower=10000000
	buildings_max_level_factor=1.000
	state_category=city
	local_supplies=0.000
}
