
state={
	id=918
	name="STATE_918"

	history={
		owner = ZHI
 
		buildings = {
			infrastructure = 5
			industrial_complex = 3
			arms_factory = 2

		}
		add_core_of = ZHI

	}

	provinces={
		642 1640 2901 3990 5573 5738 7148 8725 10575 13587 13630 556 1308 2322 3746 5481 7547 8995 13749 13784 13864 13895 13916 13933 13956 13970 14030 14102 382 1087 5431 5692 8215 8969 10057 13904 14039 14085 14116 14165 1557 2062 5879 5970 6888 8154 9802 10185 13703 13725 13783 13845 13955 14005 1954 3691 5706 5999 7322 8703 9857 13600 13648 13680 13830 38 1066 1441 1834 2041 5550 7176 7563 8473 9415 10068 10240 10769 13879 13909 13934 13986 14077 14079 14191 14224 14225 14282 14292 
	}
	manpower=10000000
	buildings_max_level_factor=1.000
	state_category=city
	local_supplies=0.000
}
