
state={
	id=924
	name="STATE_924"

	history={
		owner = ZHI
 
		buildings = {
			infrastructure = 5
			industrial_complex = 3
			arms_factory = 2

		}
		add_core_of = ZHI

	}

	provinces={
		633 2474 7263 8492 16221 16252 16279 16338 16345 16396 16397 16445 196 2337 2599 3090 3468 4467 4670 5732 7999 9589 16177 16238 16307 16405 16435 16553 16596 383 1252 2453 4025 4205 6311 6935 16574 16623 16639 16670 16695 3257 3270 16530 16547 16559 16615 16654 16675 16718 16723 16766 16794 1589 2348 4994 5263 6285 7311 7738 9639 15975 15978 16028 16039 16052 16169 
	}
	manpower=10000000
	buildings_max_level_factor=1.000
	state_category=city
	local_supplies=0.000
}
