
state={
	id=932
	name="STATE_932"

	history={
		owner = ZHI
 
		buildings = {
			infrastructure = 5
			industrial_complex = 3
			arms_factory = 2

		}
		add_core_of = ZHI

	}

	provinces={
		917 1823 5314 6187 6592 8179 8254 16509 16607 16653 16688 16712 207 1284 2641 3472 4866 10768 16418 16434 16463 16464 16489 16521 16536 16539 16606 16618 879 4036 5287 5997 6415 7285 9075 16176 16204 16227 16241 16291 16321 16352 729 1562 4820 5186 6809 6831 8533 8871 9018 9048 9669 16213 16350 16361 16414 2786 3894 4188 4704 5828 6261 7026 8617 10735 15865 15878 15909 15932 15942 16065 16075 16097 16113 16135 
	}
	manpower=10000000
	buildings_max_level_factor=1.000
	state_category=city
	local_supplies=0.000
}
