
state={
	id=935
	name="STATE_1084"

	history={
		owner = DIV
		buildings = {
			infrastructure = 5
			industrial_complex = 3
			arms_factory = 2

		}
		add_core_of = DIV

	}

	provinces={
		664 2446 2487 5387 5533 7737 7843 16053 16098 16125 16161 16170 16261 16315 16323 16330 16339 395 493 513 532 870 2147 3509 5902 5973 7445 9758 9940 16091 16205 16322 816 2561 4480 4804 16640 16698 16725 16768 16810 16835 438 2238 5850 7247 9689 16314 16370 16430 16454 16480 16531 16548 16554 16597 16600 16601 775 1124 1395 3266 3475 4649 6858 7387 8885 9191 9833 10665 16579 16580 16581 16655 16696 16697 16719 16724 16767 16785 
	}
	manpower=10000000
	buildings_max_level_factor=1.000
	state_category=city
	local_supplies=0.000
}
